BasketballDrive_1920x1080_50_24Mbps_CBR_REF.h264:24160.4544:99.481622:38.107121:0.994808:0.987951
BasketballDrive_1920x1080_50_12Mbps_CBR_REF.h264:12000.58:96.707943:36.75756:0.991092:0.982667
BasketballDrive_1920x1080_50_6Mbps_CBR_REF.h264:5954.2648:85.490974:34.47003:0.978856:0.968814
BasketballDrive_1920x1080_50_3Mbps_CBR_REF.h264:2951.888:61.501724:31.285671:0.939184:0.931348
BasketballDrive_1920x1080_50_2Mbps_CBR_REF.h264:1961.3024:43.193224:29.042671:0.881625:0.880561
