BoatNF_1280x720_60_12Mbps_CBR_REF.h264:12193.6032:94.473579:34.63402:0.995403:0.993101
BoatNF_1280x720_60_6Mbps_CBR_REF.h264:6055.211199999999:85.312903:30.968231:0.98655:0.981711
BoatNF_1280x720_60_3Mbps_CBR_REF.h264:3000.864:69.788777:27.724527:0.962472:0.955834
BoatNF_1280x720_60_1.5Mbps_CBR_REF.h264:1472.5568:46.61297:24.872028:0.901414:0.901108
BoatNF_1280x720_60_1Mbps_CBR_REF.h264:970.7792000000001:29.611272:23.261276:0.831433:0.84386
