bq_terrace_1920x1080p_600_60_24Mbps_CBR_REF.h264:24291.382080000003:96.431982:34.918751:0.99371:0.984859
bq_terrace_1920x1080p_600_60_12Mbps_CBR_REF.h264:11986.840320000001:94.429714:34.030246:0.991667:0.98126
bq_terrace_1920x1080p_600_60_6Mbps_CBR_REF.h264:5788.1952:89.217059:32.715339:0.986619:0.974242
bq_terrace_1920x1080p_600_60_3Mbps_CBR_REF.h264:2822.45088:76.654855:30.481926:0.971278:0.955254
bq_terrace_1920x1080p_600_60_2Mbps_CBR_REF.h264:1874.8108800000002:64.346251:28.8125:0.951189:0.932636
