Bunny_1920x1080_24_600_24Mbps_CBR_REF.h264:21683.993088:99.627374:51.473612:0.999601:0.998948
Bunny_1920x1080_24_600_12Mbps_CBR_REF.h264:10828.359167999999:99.198272:47.604203:0.99875:0.997397
Bunny_1920x1080_24_600_6Mbps_CBR_REF.h264:5390.730624:95.741203:43.856951:0.995809:0.99313
Bunny_1920x1080_24_600_3Mbps_CBR_REF.h264:2671.61856:82.844794:39.920755:0.984287:0.980039
Bunny_1920x1080_24_600_2Mbps_CBR_REF.h264:1771.997568:70.131365:37.513696:0.965519:0.961903
