Cactus_1920x1080_50_24Mbps_CBR_REF.h264:24143.522399999998:95.582182:37.266842:0.995812:0.988618
Cactus_1920x1080_50_12Mbps_CBR_REF.h264:11900.2984:92.311721:36.097455:0.993553:0.984703
Cactus_1920x1080_50_6Mbps_CBR_REF.h264:5899.0527999999995:83.169115:33.985197:0.985498:0.973363
Cactus_1920x1080_50_3Mbps_CBR_REF.h264:2938.4103999999998:62.471381:31.071825:0.958013:0.942086
Cactus_1920x1080_50_2Mbps_CBR_REF.h264:1959.7576000000001:43.315298:28.979075:0.914217:0.900336
