crowd_run_1280x720_50_15Mbps_CBR_REF.h264:15032.9208:94.138448:32.043533:0.988622:0.985144
crowd_run_1280x720_50_12Mbps_CBR_REF.h264:12030.4848:90.788742:30.920832:0.984685:0.980554
crowd_run_1280x720_50_10Mbps_CBR_REF.h264:10025.5824:87.552936:30.038532:0.980362:0.975709
crowd_run_1280x720_50_8Mbps_CBR_REF.h264:8023.5976:82.955467:28.996137:0.97337:0.968234
crowd_run_1280x720_50_6Mbps_CBR_REF.h264:6020.7176:76.157966:27.723356:0.961241:0.955869
