crowd_run_1920x1080p_500_50_35Mbps_CBR_REF.h264:35141.6224:97.57845:34.240498:0.9946:0.986626
crowd_run_1920x1080p_500_50_30Mbps_CBR_REF.h264:30089.8472:96.332547:33.623004:0.99362:0.984558
crowd_run_1920x1080p_500_50_25Mbps_CBR_REF.h264:25061.406400000003:94.342684:32.856806:0.992069:0.981499
crowd_run_1920x1080p_500_50_20Mbps_CBR_REF.h264:20038.477600000002:91.026109:31.886833:0.989354:0.976519
crowd_run_1920x1080p_500_50_15Mbps_CBR_REF.h264:15026.179199999999:85.33533:30.594588:0.984135:0.967506
