crowd_run_1280x720_50_12Mbps_CBR_REF.h264:12030.4848:90.788742:30.920832:0.984685:0.980554
crowd_run_1280x720_50_10Mbps_CBR_REF.h264:10026.067200000001:87.55744:30.039801:0.980354:0.975705
crowd_run_1280x720_50_7.5Mbps_CBR_REF.h264:7523.5712:81.531896:28.705607:0.971015:0.965775
crowd_run_1280x720_50_4.5Mbps_CBR_REF.h264:4519.144:68.091264:26.522722:0.944156:0.939492
crowd_run_1280x720_50_3Mbps_CBR_REF.h264:3016.6128000000003:54.964424:24.970667:0.909315:0.908282
