CSGO_1920x1080_60_24Mbps_CBR_REF.h264:24300.599039999997:97.689609:47.227235:0.99838:0.996552
CSGO_1920x1080_60_12Mbps_CBR_REF.h264:12062.777279999998:94.976462:45.312868:0.996221:0.992952
CSGO_1920x1080_60_6Mbps_CBR_REF.h264:5853.14496:88.837516:43.087275:0.98959:0.984735
CSGO_1920x1080_60_3Mbps_CBR_REF.h264:2815.44384:77.278242:40.193609:0.966703:0.96312
CSGO_1920x1080_60_2Mbps_CBR_REF.h264:1833.75072:69.431272:38.145097:0.940656:0.940875
