DinnerScene_1920x1080_60_7.5Mbps_CBR_REF.h264:7522.6060800000005:90.022114:42.866524:0.995556:0.991337
DinnerScene_1920x1080_60_4.5Mbps_CBR_REF.h264:4453.43424:88.166521:42.515951:0.994672:0.990395
DinnerScene_1920x1080_60_3Mbps_CBR_REF.h264:2917.94688:86.076625:42.159556:0.993681:0.989383
DinnerScene_1920x1080_60_1.5Mbps_CBR_REF.h264:1376.7158399999998:79.500179:41.087883:0.989702:0.985676
DinnerScene_1920x1080_60_1Mbps_CBR_REF.h264:873.13248:71.238798:39.84033:0.982992:0.979775
