DOTA2_1920x1080_60_600_24Mbps_CBR_REF.h264:23896.48704:97.303678:41.864573:0.997798:0.995269
DOTA2_1920x1080_60_600_12Mbps_CBR_REF.h264:11805.47136:94.367756:39.300606:0.995472:0.991014
DOTA2_1920x1080_60_600_6Mbps_CBR_REF.h264:5793.43584:88.251319:36.490302:0.98945:0.982274
DOTA2_1920x1080_60_600_3Mbps_CBR_REF.h264:2860.58496:73.736473:33.262339:0.97183:0.962191
DOTA2_1920x1080_60_600_2Mbps_CBR_REF.h264:1902.7584:58.389532:31.19801:0.947034:0.937926
