FoodMarket2NF_1280x720_60_12Mbps_CBR_REF.h264:11994.929600000001:98.515849:38.276587:0.996811:0.995443
FoodMarket2NF_1280x720_60_6Mbps_CBR_REF.h264:5806.9872:95.878316:35.058191:0.991941:0.989488
FoodMarket2NF_1280x720_60_3Mbps_CBR_REF.h264:2804.016:84.723265:31.650684:0.977067:0.973765
FoodMarket2NF_1280x720_60_1.5Mbps_CBR_REF.h264:1350.0895999999998:61.887953:28.08851:0.928222:0.930023
FoodMarket2NF_1280x720_60_1Mbps_CBR_REF.h264:892.1104:40.285947:25.667093:0.85015:0.86659
