GTAV_1920x1080_60_600_24Mbps_CBR_REF.h264:23849.29632:91.481354:34.888699:0.984729:0.973328
GTAV_1920x1080_60_600_12Mbps_CBR_REF.h264:11952.555839999999:78.478644:32.374587:0.961396:0.944304
GTAV_1920x1080_60_600_6Mbps_CBR_REF.h264:5974.83456:61.024373:30.047824:0.910004:0.892658
GTAV_1920x1080_60_600_3Mbps_CBR_REF.h264:2984.1696:42.545167:27.629516:0.817028:0.810187
GTAV_1920x1080_60_600_2Mbps_CBR_REF.h264:1990.8:32.871897:26.196882:0.747552:0.750509
