Hearthstone_1920x1080_60_24Mbps_CBR_REF.h264:22497.84288:97.001994:45.900962:0.999612:0.998932
Hearthstone_1920x1080_60_12Mbps_CBR_REF.h264:10673.53536:95.793256:43.11079:0.999135:0.997975
Hearthstone_1920x1080_60_6Mbps_CBR_REF.h264:5086.03104:92.701368:39.811637:0.997791:0.995689
Hearthstone_1920x1080_60_3Mbps_CBR_REF.h264:2441.3337600000004:85.084863:36.035339:0.993302:0.989285
Hearthstone_1920x1080_60_2Mbps_CBR_REF.h264:1594.44576:76.405424:33.66106:0.986386:0.980707
