Kimono1_1920x1080_24_24Mbps_CBR_REF.h264:24155.131200000003:98.795947:42.38807:0.998143:0.994923
Kimono1_1920x1080_24_12Mbps_CBR_REF.h264:12003.497599999999:97.709125:41.306669:0.996792:0.992694
Kimono1_1920x1080_24_6Mbps_CBR_REF.h264:5700.258400000001:92.492326:39.77224:0.993266:0.988286
Kimono1_1920x1080_24_3Mbps_CBR_REF.h264:2751.3784:80.545715:37.395303:0.982319:0.976662
Kimono1_1920x1080_24_2Mbps_CBR_REF.h264:1803.5391999999997:69.567768:35.621021:0.967305:0.96222
