Kimono1_1280x720_24_12Mbps_CBR_REF.h264:12079.5408:99.086398:43.755626:0.997925:0.99693
Kimono1_1280x720_24_6Mbps_CBR_REF.h264:5868.896:98.144209:41.766263:0.995644:0.994561
Kimono1_1280x720_24_3Mbps_CBR_REF.h264:2831.668:92.283948:39.175142:0.989174:0.988741
Kimono1_1280x720_24_1.5Mbps_CBR_REF.h264:1395.4528:79.978661:36.143507:0.971252:0.973978
Kimono1_1280x720_24_1Mbps_CBR_REF.h264:921.764:69.001837:34.210077:0.949035:0.956528
