MINECRAFT_1920x1080_60_600_24Mbps_CBR_REF.h264:23845.36608:96.114147:35.203334:0.989876:0.982606
MINECRAFT_1920x1080_60_600_12Mbps_CBR_REF.h264:11942.52288:84.917156:32.141499:0.975447:0.963211
MINECRAFT_1920x1080_60_600_6Mbps_CBR_REF.h264:5901.34464:62.899321:29.391256:0.934333:0.919691
MINECRAFT_1920x1080_60_600_3Mbps_CBR_REF.h264:2925.57696:33.430143:26.538203:0.812:0.810229
MINECRAFT_1920x1080_60_600_2Mbps_CBR_REF.h264:1962.6921599999998:22.314099:25.046884:0.706126:0.716112
