MrFox_BlueBird_1920x1080_30_24Mbps_CBR_REF.h264:17699.0096:97.88292:54.459363:0.99979:0.999519
MrFox_BlueBird_1920x1080_30_12Mbps_CBR_REF.h264:10425.9:97.191534:50.382662:0.999253:0.998596
MrFox_BlueBird_1920x1080_30_6Mbps_CBR_REF.h264:5555.9983999999995:94.928313:45.779492:0.997309:0.995924
MrFox_BlueBird_1920x1080_30_3Mbps_CBR_REF.h264:2763.0008000000003:86.510366:41.371364:0.989406:0.987572
MrFox_BlueBird_1920x1080_30_2Mbps_CBR_REF.h264:1822.1616000000001:77.022204:38.542142:0.977346:0.975838
