park_joy_1280x720_50_15Mbps_CBR_REF.h264:14767.0816:91.909521:30.30656:0.983427:0.980387
park_joy_1280x720_50_12Mbps_CBR_REF.h264:11800.5072:88.192334:29.259043:0.977987:0.97452
park_joy_1280x720_50_10Mbps_CBR_REF.h264:9824.5208:84.820991:28.454602:0.972489:0.968784
park_joy_1280x720_50_8Mbps_CBR_REF.h264:7851.8688:80.301949:27.530329:0.964291:0.960456
park_joy_1280x720_50_6Mbps_CBR_REF.h264:5888.872800000001:73.847074:26.419179:0.950705:0.947167
