ParkScene_1280x720_24_12Mbps_CBR_REF.h264:11944.4192:97.775774:41.208092:0.997258:0.996233
ParkScene_1280x720_24_6Mbps_CBR_REF.h264:5927.923199999999:95.156194:38.69093:0.994592:0.993041
ParkScene_1280x720_24_3Mbps_CBR_REF.h264:2929.8584:89.816668:35.93963:0.98836:0.98612
ParkScene_1280x720_24_1.5Mbps_CBR_REF.h264:1453.5488:79.283516:33.126549:0.972698:0.970317
ParkScene_1280x720_24_1Mbps_CBR_REF.h264:964.6208:69.780293:31.51916:0.954054:0.95319
