park_joy_1920x1080_500_50_35Mbps_CBR_REF.h264:34375.045600000005:96.207689:31.976507:0.991846:0.982693
park_joy_1920x1080_500_50_30Mbps_CBR_REF.h264:29431.9048:93.969092:31.266052:0.990013:0.97944
park_joy_1920x1080_500_50_25Mbps_CBR_REF.h264:24498.26:90.903313:30.444281:0.987289:0.974744
park_joy_1920x1080_500_50_20Mbps_CBR_REF.h264:19557.871199999998:86.628501:29.473306:0.982989:0.967723
park_joy_1920x1080_500_50_15Mbps_CBR_REF.h264:14646.8552:80.433034:28.295401:0.975709:0.956551
