park_joy_1280x720_50_12Mbps_CBR_REF.h264:11801.039200000001:88.227299:29.261989:0.978002:0.974537
park_joy_1280x720_50_10Mbps_CBR_REF.h264:9827.731200000002:84.795392:28.455877:0.972485:0.968768
park_joy_1280x720_50_7.5Mbps_CBR_REF.h264:7365.9728000000005:78.887354:27.273568:0.961543:0.957748
park_joy_1280x720_50_4.5Mbps_CBR_REF.h264:4417.493600000001:66.696293:25.401468:0.933031:0.930582
park_joy_1280x720_50_3Mbps_CBR_REF.h264:2942.7616000000003:55.824388:24.120168:0.90002:0.900791
