PierSeasideNF_1280x720_60_12Mbps_CBR_REF.h264:12141.417599999999:96.840613:42.03327:0.996753:0.996043
PierSeasideNF_1280x720_60_6Mbps_CBR_REF.h264:6045.0432:93.80039:39.683187:0.993671:0.99286
PierSeasideNF_1280x720_60_3Mbps_CBR_REF.h264:2997.0748799999997:88.656873:37.296364:0.988037:0.98742
PierSeasideNF_1280x720_60_1.5Mbps_CBR_REF.h264:1481.2608:79.007717:34.64303:0.97664:0.977072
PierSeasideNF_1280x720_60_1Mbps_CBR_REF.h264:979.0876800000001:69.563639:32.917375:0.964461:0.966401
