RedKayak_1920x1080_30_24Mbps_CBR_REF.h264:23241.04464:97.809762:40.568887:0.994706:0.990258
RedKayak_1920x1080_30_12Mbps_CBR_REF.h264:11299.95216:86.710641:37.362685:0.984906:0.978021
RedKayak_1920x1080_30_6Mbps_CBR_REF.h264:5630.823359999999:68.537329:34.390082:0.962104:0.953983
RedKayak_1920x1080_30_3Mbps_CBR_REF.h264:2858.6942400000003:47.178106:31.670049:0.916291:0.911057
RedKayak_1920x1080_30_2Mbps_CBR_REF.h264:1915.3967999999998:34.792537:30.163025:0.87482:0.874565
