RushFieldCuts_1920x1080_30_24Mbps_CBR_REF.h264:24037.876800000002:97.583095:38.482637:0.997169:0.993144
RushFieldCuts_1920x1080_30_12Mbps_CBR_REF.h264:11893.63104:93.771606:36.379324:0.993906:0.987774
RushFieldCuts_1920x1080_30_6Mbps_CBR_REF.h264:5889.73536:82.710291:33.558303:0.984319:0.975212
RushFieldCuts_1920x1080_30_3Mbps_CBR_REF.h264:2943.324:60.758876:30.162254:0.954799:0.94329
RushFieldCuts_1920x1080_30_2Mbps_CBR_REF.h264:1967.34912:45.303442:28.12477:0.919368:0.90907
