Sintel_trailer_o537n480_1920x1080_24_9Mbps_CBR_REF.h264:8625.5052:98.912315:52.012197:0.999468:0.999038
Sintel_trailer_o537n480_1920x1080_24_6Mbps_CBR_REF.h264:5709.1408:98.553614:50.419327:0.999072:0.998514
Sintel_trailer_o537n480_1920x1080_24_2Mbps_CBR_REF.h264:1845.3347999999999:90.422247:44.799561:0.994375:0.993668
Sintel_trailer_o537n480_1920x1080_24_1Mbps_CBR_REF.h264:917.4316:70.216562:39.703513:0.976767:0.978335
Sintel_trailer_o537n480_1920x1080_24_0.5Mbps_CBR_REF.h264:457.436:34.53211:32.956425:0.917321:0.927222
