TangoNF_1280x720_60_12Mbps_CBR_REF.h264:11861.743673469387:99.416597:41.978084:0.996233:0.995034
TangoNF_1280x720_60_6Mbps_CBR_REF.h264:5849.056326530612:94.363718:39.159257:0.991022:0.990088
TangoNF_1280x720_60_3Mbps_CBR_REF.h264:2907.3779591836733:80.545797:35.525661:0.974404:0.976184
TangoNF_1280x720_60_1.5Mbps_CBR_REF.h264:1464.7151020408164:51.755756:31.214296:0.919954:0.934699
TangoNF_1280x720_60_1Mbps_CBR_REF.h264:985.7420408163266:31.201457:28.229774:0.843315:0.87582
