touchdown_pass_1280x720_30_12Mbps_CBR_REF.h264:11881.469280000001:99.056061:42.044687:0.995718:0.994266
touchdown_pass_1280x720_30_6Mbps_CBR_REF.h264:5918.5656:98.044031:40.388449:0.992349:0.990573
touchdown_pass_1280x720_30_3Mbps_CBR_REF.h264:2923.86144:94.179232:38.444302:0.984753:0.983023
touchdown_pass_1280x720_30_1.5Mbps_CBR_REF.h264:1445.94432:82.571617:35.95689:0.964219:0.965112
touchdown_pass_1280x720_30_1Mbps_CBR_REF.h264:960.93408:70.4179:34.226705:0.939262:0.945179
