WITCHER3_1920x1080_60_24Mbps_CBR_REF.h264:25046.7264:94.091608:38.609819:0.986213:0.978459
WITCHER3_1920x1080_60_12Mbps_CBR_REF.h264:12451.48608:89.470557:36.854959:0.975281:0.965032
WITCHER3_1920x1080_60_6Mbps_CBR_REF.h264:6161.96448:82.325971:35.39591:0.957465:0.946165
WITCHER3_1920x1080_60_3Mbps_CBR_REF.h264:3042.72096:72.414514:34.105821:0.930246:0.920886
WITCHER3_1920x1080_60_2Mbps_CBR_REF.h264:2005.95648:66.428306:33.41854:0.911416:0.904317
