BasketballDrive_1920x1080_50_15Mbps_CBR_REF.h264:15148.4728:99.542376:38.316588:0.992418:0.985457
BasketballDrive_1920x1080_50_9Mbps_CBR_REF.h264:9048.9280:97.222474:37.343572:0.988187:0.980608
BasketballDrive_1920x1080_50_6Mbps_CBR_REF.h264:6023.6664:92.226723:36.299419:0.981584:0.973713
BasketballDrive_1920x1080_50_3Mbps_CBR_REF.h264:2977.0584:76.958775:33.899971:0.957785:0.951296
BasketballDrive_1920x1080_50_2Mbps_CBR_REF.h264:1966.8728:64.383484:32.120453:0.929707:0.926554
