BasketballDrive_1920x1080_50_15Mbps_VBR_REF.h264:15120.2456:99.506676:38.311801:0.992421:0.985459
BasketballDrive_1920x1080_50_9Mbps_VBR_REF.h264:9019.0968:97.158991:37.333890:0.988141:0.980560
BasketballDrive_1920x1080_50_6Mbps_VBR_REF.h264:6005.0368:92.192761:36.292481:0.981563:0.973702
BasketballDrive_1920x1080_50_3Mbps_VBR_REF.h264:2970.7280:76.945995:33.892124:0.957662:0.951186
BasketballDrive_1920x1080_50_2Mbps_VBR_REF.h264:1960.6472:64.201010:32.102819:0.929367:0.926245
