BoatNF_1280x720_60_7.5Mbps_CBR_REF.h264:7554.3568:94.449816:35.668656:0.995438:0.994354
BoatNF_1280x720_60_4.5Mbps_CBR_REF.h264:4510.6272:89.020473:32.906417:0.990127:0.988278
BoatNF_1280x720_60_3Mbps_CBR_REF.h264:2997.3584:82.807557:30.827141:0.981867:0.979426
BoatNF_1280x720_60_1.5Mbps_CBR_REF.h264:1481.2592:68.061073:27.687095:0.952796:0.950852
BoatNF_1280x720_60_1Mbps_CBR_REF.h264:981.2688:57.328506:26.082472:0.921751:0.922192
