BoatNF_1280x720_60_7.5Mbps_VBR_REF.h264:7593.1984:94.427787:35.652233:0.995446:0.994352
BoatNF_1280x720_60_4.5Mbps_VBR_REF.h264:4541.8912:89.085429:32.900816:0.990175:0.988314
BoatNF_1280x720_60_3Mbps_VBR_REF.h264:3019.0064:82.785621:30.810366:0.981855:0.979394
BoatNF_1280x720_60_1.5Mbps_VBR_REF.h264:1497.2688:68.130902:27.672402:0.952685:0.950724
BoatNF_1280x720_60_1Mbps_VBR_REF.h264:991.8720:57.231519:26.054731:0.920850:0.921419
