bq_terrace_1920x1080p_600_60_15Mbps_VBR_REF.h264:14954.2352:96.645264:35.387602:0.991326:0.982048
bq_terrace_1920x1080p_600_60_9Mbps_VBR_REF.h264:8668.5488:95.365040:34.769795:0.989037:0.979175
bq_terrace_1920x1080p_600_60_6Mbps_VBR_REF.h264:5616.6232:93.937792:34.273242:0.986821:0.976476
bq_terrace_1920x1080p_600_60_3Mbps_VBR_REF.h264:2785.5760:89.312094:33.123765:0.980231:0.968523
bq_terrace_1920x1080p_600_60_2Mbps_VBR_REF.h264:1861.3296:84.529192:32.134853:0.972603:0.959567
