bq_terrace_1920x1080p_600_60_15Mbps_CBR_REF.h264:15164.1216:96.632726:35.396439:0.991265:0.981987
bq_terrace_1920x1080p_600_60_9Mbps_CBR_REF.h264:9031.7856:95.598969:34.834893:0.989287:0.979504
bq_terrace_1920x1080p_600_60_6Mbps_CBR_REF.h264:5986.9408:94.350775:34.377069:0.987259:0.976993
bq_terrace_1920x1080p_600_60_3Mbps_CBR_REF.h264:2957.3072:90.246279:33.304108:0.981163:0.969663
bq_terrace_1920x1080p_600_60_2Mbps_CBR_REF.h264:1951.6976:85.665637:32.335579:0.974114:0.961345
