Bunny_1920x1080_24_600_15Mbps_VBR_REF.h264:13503.2682:99.014412:50.380786:0.999355:0.998707
Bunny_1920x1080_24_600_9Mbps_VBR_REF.h264:8150.5731:98.455018:48.019332:0.998681:0.997693
Bunny_1920x1080_24_600_6Mbps_VBR_REF.h264:5475.7267:97.547236:46.158445:0.997701:0.996395
Bunny_1920x1080_24_600_3Mbps_VBR_REF.h264:2757.5786:93.624436:42.872350:0.993983:0.992007
Bunny_1920x1080_24_600_2Mbps_VBR_REF.h264:1846.6502:88.184120:40.770429:0.989153:0.986809
