Bunny_1920x1080_24_600_15Mbps_CBR_REF.h264:14002.4790:98.952692:50.336663:0.999309:0.998655
Bunny_1920x1080_24_600_9Mbps_CBR_REF.h264:8538.9885:98.318626:47.947839:0.998602:0.997619
Bunny_1920x1080_24_600_6Mbps_CBR_REF.h264:5770.3920:97.387204:46.119017:0.997613:0.996319
Bunny_1920x1080_24_600_3Mbps_CBR_REF.h264:2923.0550:93.170968:42.791879:0.993786:0.991868
Bunny_1920x1080_24_600_2Mbps_CBR_REF.h264:1958.2826:87.498248:40.676590:0.988905:0.986686
