Cactus_1920x1080_50_15Mbps_VBR_REF.h264:14604.7688:96.301103:37.844713:0.994360:0.987318
Cactus_1920x1080_50_9Mbps_VBR_REF.h264:8718.0296:94.129805:37.119142:0.992123:0.984472
Cactus_1920x1080_50_6Mbps_VBR_REF.h264:5794.0368:91.449403:36.352209:0.989218:0.980851
Cactus_1920x1080_50_3Mbps_VBR_REF.h264:2880.6384:82.138559:34.346271:0.977137:0.967081
Cactus_1920x1080_50_2Mbps_VBR_REF.h264:1919.2688:73.651438:32.881605:0.962342:0.951548
