Cactus_1920x1080_50_15Mbps_CBR_REF.h264:14717.6416:96.170604:37.820028:0.994251:0.987196
Cactus_1920x1080_50_9Mbps_CBR_REF.h264:8792.9360:94.255931:37.151238:0.992283:0.984651
Cactus_1920x1080_50_6Mbps_CBR_REF.h264:5847.6648:91.566128:36.384487:0.989392:0.981036
Cactus_1920x1080_50_3Mbps_CBR_REF.h264:2907.0344:82.432407:34.387373:0.977659:0.967569
Cactus_1920x1080_50_2Mbps_CBR_REF.h264:1939.6048:73.997495:32.930915:0.963176:0.952279
