crowd_run_1920x1080p_500_50_35Mbps_VBR_REF.h264:34261.9992:98.267417:35.598174:0.994074:0.987015
crowd_run_1920x1080p_500_50_30Mbps_VBR_REF.h264:29369.7080:97.349827:34.974077:0.993011:0.985097
crowd_run_1920x1080p_500_50_25Mbps_VBR_REF.h264:24522.5432:95.815075:34.229466:0.991461:0.982349
crowd_run_1920x1080p_500_50_20Mbps_VBR_REF.h264:19588.2776:93.199345:33.297444:0.988963:0.978079
crowd_run_1920x1080p_500_50_15Mbps_VBR_REF.h264:14688.1728:88.683798:32.095612:0.984303:0.970725
