crowd_run_1280x720_50_15Mbps_VBR_REF.h264:14832.2152:95.604865:33.559387:0.989561:0.987039
crowd_run_1280x720_50_12Mbps_VBR_REF.h264:11854.2184:92.910332:32.462050:0.986068:0.983120
crowd_run_1280x720_50_10Mbps_VBR_REF.h264:9893.7168:90.280121:31.606507:0.982397:0.979149
crowd_run_1280x720_50_8Mbps_VBR_REF.h264:7934.0536:86.448415:30.612754:0.976798:0.973336
crowd_run_1280x720_50_6Mbps_VBR_REF.h264:5943.1440:80.539505:29.359896:0.966749:0.963334
