crowd_run_1280x720_50_15Mbps_CBR_REF.h264:15022.7600:95.014726:33.428241:0.988894:0.986299
crowd_run_1280x720_50_12Mbps_CBR_REF.h264:11998.4120:92.260707:32.337727:0.985188:0.982200
crowd_run_1280x720_50_10Mbps_CBR_REF.h264:10018.6168:89.569563:31.490354:0.981418:0.978147
crowd_run_1280x720_50_8Mbps_CBR_REF.h264:8017.4448:85.610705:30.497545:0.975466:0.972047
crowd_run_1280x720_50_6Mbps_CBR_REF.h264:6020.8800:79.768503:29.280342:0.965597:0.962277
