crowd_run_1920x1080p_500_50_35Mbps_CBR_REF.h264:35146.4160:96.661287:35.183777:0.992765:0.984910
crowd_run_1920x1080p_500_50_30Mbps_CBR_REF.h264:30090.9856:95.600838:34.572210:0.991594:0.982837
crowd_run_1920x1080p_500_50_25Mbps_CBR_REF.h264:25039.3792:93.900636:33.831839:0.989748:0.979716
crowd_run_1920x1080p_500_50_20Mbps_CBR_REF.h264:19980.7256:91.271760:32.940452:0.986973:0.975212
crowd_run_1920x1080p_500_50_15Mbps_CBR_REF.h264:14979.6224:86.913175:31.822641:0.982230:0.967960
