CSGO_1920x1080_60_15Mbps_CBR_REF.h264:26434.1256:98.540588:48.390598:0.997394:0.995182
CSGO_1920x1080_60_9Mbps_CBR_REF.h264:16428.5608:97.439396:47.188972:0.995163:0.991883
CSGO_1920x1080_60_6Mbps_CBR_REF.h264:11142.7712:95.478525:46.210529:0.992131:0.987899
CSGO_1920x1080_60_3Mbps_CBR_REF.h264:5561.3952:89.652408:44.356288:0.982000:0.976436
CSGO_1920x1080_60_2Mbps_CBR_REF.h264:3638.5696:84.927304:42.871703:0.970789:0.965207
