CSGO_1920x1080_60_15Mbps_VBR_REF.h264:22189.9960:98.560804:48.089108:0.997568:0.995422
CSGO_1920x1080_60_9Mbps_VBR_REF.h264:12560.5800:97.719792:46.764252:0.995543:0.992336
CSGO_1920x1080_60_6Mbps_VBR_REF.h264:8004.6936:95.817538:45.680527:0.992739:0.988513
CSGO_1920x1080_60_3Mbps_VBR_REF.h264:3815.2168:89.172512:43.533823:0.982804:0.976876
CSGO_1920x1080_60_2Mbps_VBR_REF.h264:2561.1400:83.214626:41.871095:0.970589:0.964427
