DinnerScene_1920x1080_60_20Mbps_CBR_REF.h264:20651.9176:95.263798:44.183316:0.996790:0.993369
DinnerScene_1920x1080_60_15Mbps_CBR_REF.h264:15555.5408:94.961599:43.980863:0.996471:0.992937
DinnerScene_1920x1080_60_11Mbps_CBR_REF.h264:11179.3720:94.734236:43.832079:0.996281:0.992673
DinnerScene_1920x1080_60_7Mbps_CBR_REF.h264:7002.4704:94.369066:43.676234:0.996031:0.992365
DinnerScene_1920x1080_60_3Mbps_CBR_REF.h264:2927.0224:93.131932:43.335789:0.995112:0.991462
