DinnerScene_1920x1080_60_11Mbps_VBR_REF.h264:10946.8128:94.819342:43.837501:0.996331:0.992716
DinnerScene_1920x1080_60_7Mbps_VBR_REF.h264:6954.7152:94.376549:43.680722:0.996041:0.992375
DinnerScene_1920x1080_60_2Mbps_VBR_REF.h264:1258.1856:91.331489:42.918295:0.993962:0.990380
DinnerScene_1920x1080_60_1Mbps_VBR_REF.h264:502.5784:85.833007:41.730725:0.989715:0.986605
DinnerScene_1920x1080_60_0.5Mbps_VBR_REF.h264:268.9136:74.329374:39.470182:0.978678:0.977142
