DinnerScene_1920x1080_60_11Mbps_CBR_REF.h264:11179.3720:94.734236:43.832079:0.996281:0.992673
DinnerScene_1920x1080_60_7Mbps_CBR_REF.h264:7002.4704:94.369066:43.676234:0.996031:0.992365
DinnerScene_1920x1080_60_2Mbps_CBR_REF.h264:1920.4936:92.133115:43.100242:0.994392:0.990800
DinnerScene_1920x1080_60_1Mbps_CBR_REF.h264:904.0072:88.576050:42.314678:0.991428:0.988162
DinnerScene_1920x1080_60_0.5Mbps_CBR_REF.h264:410.5936:79.297869:40.528567:0.982655:0.980562
