DinnerScene_1920x1080_60_20Mbps_VBR_REF.h264:20093.6824:95.339791:44.168800:0.996863:0.993434
DinnerScene_1920x1080_60_15Mbps_VBR_REF.h264:15081.6920:95.120345:43.981749:0.996579:0.993033
DinnerScene_1920x1080_60_11Mbps_VBR_REF.h264:10962.1920:94.816592:43.836386:0.996329:0.992715
DinnerScene_1920x1080_60_7Mbps_VBR_REF.h264:6951.3072:94.385928:43.680711:0.996039:0.992376
DinnerScene_1920x1080_60_3Mbps_VBR_REF.h264:2396.0744:92.851982:43.282804:0.995003:0.991343
