DOTA2_1920x1080_60_600_15Mbps_VBR_REF.h264:15146.0416:97.765669:43.346491:0.996871:0.994664
DOTA2_1920x1080_60_600_9Mbps_VBR_REF.h264:9056.0496:96.146575:41.602613:0.994701:0.991561
DOTA2_1920x1080_60_600_6Mbps_VBR_REF.h264:5988.5432:94.063004:40.178717:0.991632:0.987616
DOTA2_1920x1080_60_600_3Mbps_VBR_REF.h264:2935.0608:87.257923:37.573826:0.980745:0.975401
DOTA2_1920x1080_60_600_2Mbps_VBR_REF.h264:1931.5512:80.328752:35.895668:0.968129:0.962688
