DOTA2_1920x1080_60_600_15Mbps_CBR_REF.h264:15177.5376:97.819412:43.365316:0.996892:0.994689
DOTA2_1920x1080_60_600_9Mbps_CBR_REF.h264:9081.4736:96.238946:41.635067:0.994751:0.991626
DOTA2_1920x1080_60_600_6Mbps_CBR_REF.h264:6039.0976:94.185797:40.225382:0.991769:0.987765
DOTA2_1920x1080_60_600_3Mbps_CBR_REF.h264:2956.2424:87.583139:37.648076:0.981196:0.975866
DOTA2_1920x1080_60_600_2Mbps_CBR_REF.h264:1952.5696:80.733081:35.996589:0.968913:0.963469
