FoodMarket2NF_1280x720_60_7.5Mbps_VBR_REF.h264:7037.9376:98.872153:39.190201:0.995716:0.994737
FoodMarket2NF_1280x720_60_4.5Mbps_VBR_REF.h264:4107.3824:97.434661:36.763471:0.990960:0.989690
FoodMarket2NF_1280x720_60_3Mbps_VBR_REF.h264:2700.5072:93.440229:34.808175:0.983680:0.982501
FoodMarket2NF_1280x720_60_1.5Mbps_VBR_REF.h264:1312.0704:79.800457:31.318980:0.956477:0.957760
FoodMarket2NF_1280x720_60_1Mbps_VBR_REF.h264:852.3792:67.145525:29.199790:0.924844:0.930591
