FoodMarket2NF_1280x720_60_7.5Mbps_CBR_REF.h264:7007.5296:98.834496:39.247379:0.995831:0.994851
FoodMarket2NF_1280x720_60_4.5Mbps_CBR_REF.h264:4133.7568:97.613078:36.913816:0.991450:0.990162
FoodMarket2NF_1280x720_60_3Mbps_CBR_REF.h264:2723.1024:94.313725:35.001129:0.984785:0.983541
FoodMarket2NF_1280x720_60_1.5Mbps_CBR_REF.h264:1332.9168:81.728405:31.565528:0.960537:0.961167
FoodMarket2NF_1280x720_60_1Mbps_CBR_REF.h264:877.1168:69.617681:29.472025:0.931766:0.936218
