GTAV_1920x1080_60_600_15Mbps_VBR_REF.h264:15676.4200:88.840316:34.836220:0.972516:0.960818
GTAV_1920x1080_60_600_9Mbps_VBR_REF.h264:9463.4208:80.369565:33.163823:0.951898:0.938066
GTAV_1920x1080_60_600_6Mbps_VBR_REF.h264:6364.6192:72.751654:31.927934:0.928920:0.914751
GTAV_1920x1080_60_600_3Mbps_VBR_REF.h264:3252.2176:58.687522:29.885769:0.873581:0.862822
GTAV_1920x1080_60_600_2Mbps_VBR_REF.h264:2196.7240:50.287349:28.695668:0.831317:0.825058
