GTAV_1920x1080_60_600_15Mbps_CBR_REF.h264:15717.4168:88.831889:34.849429:0.972527:0.960822
GTAV_1920x1080_60_600_9Mbps_CBR_REF.h264:9490.9400:80.353711:33.176694:0.951890:0.938053
GTAV_1920x1080_60_600_6Mbps_CBR_REF.h264:6379.3176:72.756429:31.945647:0.929024:0.914847
GTAV_1920x1080_60_600_3Mbps_CBR_REF.h264:3258.9096:58.568646:29.893293:0.873361:0.862666
GTAV_1920x1080_60_600_2Mbps_CBR_REF.h264:2200.1920:50.302569:28.705756:0.831311:0.825066
