Hearthstone_1920x1080_60_15Mbps_VBR_REF.h264:14030.6424:97.660055:50.667377:0.999559:0.999211
Hearthstone_1920x1080_60_9Mbps_VBR_REF.h264:8383.6728:97.356097:48.762168:0.999254:0.998810
Hearthstone_1920x1080_60_6Mbps_VBR_REF.h264:5580.9936:96.888374:46.855327:0.998787:0.998228
Hearthstone_1920x1080_60_3Mbps_VBR_REF.h264:2782.4360:94.992977:42.963424:0.997093:0.996191
Hearthstone_1920x1080_60_2Mbps_VBR_REF.h264:1852.0360:92.710054:40.513639:0.995122:0.993844
