Hearthstone_1920x1080_60_10Mbps_CBR_REF.h264:10311.4544:97.455436:49.371132:0.999384:0.998979
Hearthstone_1920x1080_60_5.5Mbps_CBR_REF.h264:5684.8920:96.780510:46.608609:0.998779:0.998213
Hearthstone_1920x1080_60_3Mbps_CBR_REF.h264:3026.6176:95.185933:43.271769:0.997397:0.996531
Hearthstone_1920x1080_60_2.25Mbps_CBR_REF.h264:2241.1912:93.840089:41.618438:0.996279:0.995175
Hearthstone_1920x1080_60_1.125Mbps_CBR_REF.h264:1095.5112:87.792558:37.563638:0.991134:0.989036
