Hearthstone_1920x1080_60_15Mbps_CBR_REF.h264:15059.9560:97.668183:50.804838:0.999583:0.999247
Hearthstone_1920x1080_60_9Mbps_CBR_REF.h264:9298.9192:97.373453:48.948917:0.999311:0.998884
Hearthstone_1920x1080_60_6Mbps_CBR_REF.h264:6219.9744:96.917817:47.049832:0.998906:0.998366
Hearthstone_1920x1080_60_3Mbps_CBR_REF.h264:3026.6176:95.185933:43.271769:0.997397:0.996531
Hearthstone_1920x1080_60_2Mbps_CBR_REF.h264:1983.5560:93.160414:40.927991:0.995689:0.994467
