Kimono1_1920x1080_24_15Mbps_CBR_REF.h264:14107.1216:97.173662:42.227081:0.995427:0.992165
Kimono1_1920x1080_24_9Mbps_CBR_REF.h264:8007.9816:96.513451:41.534596:0.994745:0.991132
Kimono1_1920x1080_24_6Mbps_CBR_REF.h264:5131.7960:94.327696:40.765764:0.992756:0.988944
Kimono1_1920x1080_24_3Mbps_CBR_REF.h264:2454.9088:85.936916:38.743794:0.983889:0.980124
Kimono1_1920x1080_24_2Mbps_CBR_REF.h264:1615.2552:78.363881:37.257715:0.973591:0.970429
