Kimono1_1280x720_24_7.5Mbps_VBR_REF.h264:6533.8512:98.738411:43.686017:0.996129:0.995538
Kimono1_1280x720_24_4.5Mbps_VBR_REF.h264:3775.4144:97.055757:42.095111:0.993457:0.993184
Kimono1_1280x720_24_3Mbps_VBR_REF.h264:2458.8152:94.181499:40.600208:0.989390:0.989759
Kimono1_1280x720_24_1.5Mbps_VBR_REF.h264:1202.0672:85.460100:37.759118:0.975252:0.978316
Kimono1_1280x720_24_1Mbps_VBR_REF.h264:794.8256:78.015066:36.036607:0.960272:0.966531
