Kimono1_1920x1080_24_15Mbps_VBR_REF.h264:13744.7528:98.146319:42.388247:0.996420:0.993085
Kimono1_1920x1080_24_9Mbps_VBR_REF.h264:7880.9720:97.112901:41.636362:0.995279:0.991617
Kimono1_1920x1080_24_6Mbps_VBR_REF.h264:5042.2264:94.549139:40.795875:0.992943:0.989115
Kimono1_1920x1080_24_3Mbps_VBR_REF.h264:2427.8072:86.024353:38.767914:0.984178:0.980372
Kimono1_1920x1080_24_2Mbps_VBR_REF.h264:1592.2288:78.263082:37.245782:0.973675:0.970489
