Kimono1_1280x720_24_7.5Mbps_CBR_REF.h264:6624.9184:98.831547:43.737922:0.996240:0.995631
Kimono1_1280x720_24_4.5Mbps_CBR_REF.h264:3828.8936:97.210619:42.149578:0.993637:0.993327
Kimono1_1280x720_24_3Mbps_CBR_REF.h264:2495.3080:94.428401:40.667544:0.989729:0.990024
Kimono1_1280x720_24_1.5Mbps_CBR_REF.h264:1218.2736:85.865242:37.826081:0.976096:0.978958
Kimono1_1280x720_24_1Mbps_CBR_REF.h264:806.0400:78.428432:36.087248:0.961201:0.967222
