MINECRAFT_1920x1080_60_600_15Mbps_CBR_REF.h264:15310.0768:92.636157:34.172134:0.981208:0.972032
MINECRAFT_1920x1080_60_600_9Mbps_CBR_REF.h264:8954.1592:82.903169:32.187183:0.964025:0.951862
MINECRAFT_1920x1080_60_600_6Mbps_CBR_REF.h264:5832.5056:72.322560:30.716718:0.939991:0.926923
MINECRAFT_1920x1080_60_600_3Mbps_CBR_REF.h264:2863.1528:51.489868:28.336826:0.862698:0.856037
MINECRAFT_1920x1080_60_600_2Mbps_CBR_REF.h264:1910.3792:40.269416:26.929885:0.789601:0.791657
