MINECRAFT_1920x1080_60_600_15Mbps_VBR_REF.h264:15205.6728:93.257676:34.249890:0.982272:0.973229
MINECRAFT_1920x1080_60_600_9Mbps_VBR_REF.h264:8914.0584:83.639683:32.256550:0.965734:0.953546
MINECRAFT_1920x1080_60_600_6Mbps_VBR_REF.h264:5791.1480:72.695745:30.745801:0.941348:0.928129
MINECRAFT_1920x1080_60_600_3Mbps_VBR_REF.h264:2851.7288:51.765636:28.354229:0.863779:0.856924
MINECRAFT_1920x1080_60_600_2Mbps_VBR_REF.h264:1905.6768:40.228000:26.940971:0.790620:0.792501
