MrFox_BlueBird_1920x1080_30_5.5Mbps_VBR_REF.h264:4213.5112:97.002957:48.728248:0.998182:0.997428
MrFox_BlueBird_1920x1080_30_3.25Mbps_VBR_REF.h264:2465.4856:95.015685:45.294594:0.995288:0.994240
MrFox_BlueBird_1920x1080_30_2.25Mbps_VBR_REF.h264:1685.5248:91.716563:42.850648:0.991246:0.990092
MrFox_BlueBird_1920x1080_30_1.125Mbps_VBR_REF.h264:823.9872:78.097601:38.037502:0.973080:0.972452
MrFox_BlueBird_1920x1080_30_0.75Mbps_VBR_REF.h264:544.4136:62.942582:34.853012:0.948662:0.949177
