MrFox_BlueBird_1920x1080_30_15Mbps_VBR_REF.h264:11054.0232:98.019003:55.078409:0.999725:0.999479
MrFox_BlueBird_1920x1080_30_9Mbps_VBR_REF.h264:6776.4544:97.681351:52.004914:0.999247:0.998775
MrFox_BlueBird_1920x1080_30_6Mbps_VBR_REF.h264:4573.1880:97.154854:49.284243:0.998418:0.997717
MrFox_BlueBird_1920x1080_30_3Mbps_VBR_REF.h264:2258.4632:94.499763:44.714058:0.994628:0.993518
MrFox_BlueBird_1920x1080_30_2Mbps_VBR_REF.h264:1494.5696:90.165013:42.056707:0.989437:0.988267
