MrFox_BlueBird_1920x1080_30_5.5Mbps_CBR_REF.h264:4461.5184:97.180031:49.178977:0.998488:0.997806
MrFox_BlueBird_1920x1080_30_3.25Mbps_CBR_REF.h264:2610.1000:95.470535:45.738266:0.995930:0.994936
MrFox_BlueBird_1920x1080_30_2.25Mbps_CBR_REF.h264:1800.0400:92.575323:43.357857:0.992327:0.991207
MrFox_BlueBird_1920x1080_30_1.125Mbps_CBR_REF.h264:873.7848:79.896693:38.476934:0.976377:0.975575
MrFox_BlueBird_1920x1080_30_0.75Mbps_CBR_REF.h264:566.6472:65.658020:35.279827:0.954653:0.954784
