MrFox_BlueBird_1920x1080_30_15Mbps_CBR_REF.h264:12185.7672:98.045157:55.723147:0.999765:0.999550
MrFox_BlueBird_1920x1080_30_9Mbps_CBR_REF.h264:7278.6240:97.761414:52.530070:0.999374:0.998957
MrFox_BlueBird_1920x1080_30_6Mbps_CBR_REF.h264:4865.1656:97.311185:49.746847:0.998673:0.998042
MrFox_BlueBird_1920x1080_30_3Mbps_CBR_REF.h264:2413.5184:95.019435:45.204806:0.995345:0.994293
MrFox_BlueBird_1920x1080_30_2Mbps_CBR_REF.h264:1595.7176:91.184053:42.574144:0.990793:0.989635
