ParkScene_1280x720_24_7.5Mbps_CBR_REF.h264:7120.2344:97.174173:41.585944:0.995784:0.995107
ParkScene_1280x720_24_4.5Mbps_CBR_REF.h264:4224.7624:95.300567:39.752425:0.993436:0.992654
ParkScene_1280x720_24_3Mbps_CBR_REF.h264:2787.5984:93.047268:38.220803:0.990430:0.989544
ParkScene_1280x720_24_1.5Mbps_CBR_REF.h264:1377.9680:86.650661:35.519349:0.980530:0.979748
ParkScene_1280x720_24_1Mbps_CBR_REF.h264:908.2672:80.548630:33.913155:0.969646:0.969449
