park_joy_1280x720_50_15Mbps_CBR_REF.h264:14486.5576:94.189321:31.964177:0.982853:0.981285
park_joy_1280x720_50_12Mbps_CBR_REF.h264:11601.9784:91.353758:30.971081:0.978017:0.976373
park_joy_1280x720_50_10Mbps_CBR_REF.h264:9666.9136:88.669421:30.184721:0.973265:0.971597
park_joy_1280x720_50_8Mbps_CBR_REF.h264:7727.4864:85.130546:29.276839:0.966446:0.964839
park_joy_1280x720_50_6Mbps_CBR_REF.h264:5789.6744:80.006746:28.188843:0.955629:0.954344
