park_joy_1920x1080_500_50_35Mbps_VBR_REF.h264:33375.3336:97.293726:33.503262:0.990301:0.982738
park_joy_1920x1080_500_50_30Mbps_VBR_REF.h264:28560.3456:95.874374:32.823595:0.988429:0.979877
park_joy_1920x1080_500_50_25Mbps_VBR_REF.h264:23771.6512:93.789681:32.048835:0.985776:0.975935
park_joy_1920x1080_500_50_20Mbps_VBR_REF.h264:18928.1368:90.508271:31.124647:0.981821:0.970152
park_joy_1920x1080_500_50_15Mbps_VBR_REF.h264:14195.7264:85.674767:30.003110:0.975399:0.961053
