park_joy_1920x1080_500_50_35Mbps_CBR_REF.h264:34188.1904:96.552078:33.287534:0.989406:0.981400
park_joy_1920x1080_500_50_30Mbps_CBR_REF.h264:29214.6432:95.052472:32.635874:0.987494:0.978502
park_joy_1920x1080_500_50_25Mbps_CBR_REF.h264:24325.1632:92.823890:31.885616:0.984780:0.974484
park_joy_1920x1080_500_50_20Mbps_CBR_REF.h264:19440.4288:89.569301:31.017424:0.980894:0.968879
park_joy_1920x1080_500_50_15Mbps_CBR_REF.h264:14524.1184:84.654719:29.902995:0.974293:0.959547
