park_joy_1280x720_50_15Mbps_VBR_REF.h264:14235.8288:94.422355:31.973618:0.983183:0.981631
park_joy_1280x720_50_12Mbps_VBR_REF.h264:11398.2544:91.697990:30.980773:0.978453:0.976825
park_joy_1280x720_50_10Mbps_VBR_REF.h264:9502.7128:89.142307:30.213071:0.973945:0.972292
park_joy_1280x720_50_8Mbps_VBR_REF.h264:7575.8168:85.557516:29.285245:0.967047:0.965435
park_joy_1280x720_50_6Mbps_VBR_REF.h264:5669.7992:80.381534:28.183865:0.956099:0.954765
