ParkScene_1280x720_24_7.5Mbps_VBR_REF.h264:6809.0400:97.087504:41.487004:0.995740:0.995062
ParkScene_1280x720_24_4.5Mbps_VBR_REF.h264:3918.5080:94.912908:39.478815:0.993057:0.992248
ParkScene_1280x720_24_3Mbps_VBR_REF.h264:2556.1520:92.263425:37.853353:0.989434:0.988541
ParkScene_1280x720_24_1.5Mbps_VBR_REF.h264:1266.2872:85.040158:35.145106:0.978080:0.977435
ParkScene_1280x720_24_1Mbps_VBR_REF.h264:828.3496:78.259037:33.510906:0.965292:0.965577
