PierSeasideNF_1280x720_60_7.5Mbps_CBR_REF.h264:8040.6440:97.962968:43.534248:0.995576:0.995105
PierSeasideNF_1280x720_60_4.5Mbps_CBR_REF.h264:4807.5256:96.764247:42.097691:0.993189:0.992756
PierSeasideNF_1280x720_60_3Mbps_CBR_REF.h264:3195.1208:95.378460:40.947703:0.990332:0.990062
PierSeasideNF_1280x720_60_1.5Mbps_CBR_REF.h264:1577.8208:91.250300:38.846404:0.981959:0.982541
PierSeasideNF_1280x720_60_1Mbps_CBR_REF.h264:1040.0136:87.373379:37.499453:0.974071:0.975637
