PierSeasideNF_1280x720_60_7.5Mbps_VBR_REF.h264:8025.0424:97.928926:43.491772:0.995503:0.995031
PierSeasideNF_1280x720_60_4.5Mbps_VBR_REF.h264:4802.8816:96.731947:42.053067:0.993083:0.992654
PierSeasideNF_1280x720_60_3Mbps_VBR_REF.h264:3193.4016:95.338218:40.901811:0.990159:0.989904
PierSeasideNF_1280x720_60_1.5Mbps_VBR_REF.h264:1575.4424:91.104755:38.780152:0.981561:0.982199
PierSeasideNF_1280x720_60_1Mbps_VBR_REF.h264:1037.8528:87.183889:37.437383:0.973565:0.975212
