RedKayak_1920x1080_30_15Mbps_VBR_REF.h264:12131.3368:92.115403:39.527939:0.983995:0.979667
RedKayak_1920x1080_30_9Mbps_VBR_REF.h264:7305.5427:82.057824:37.446666:0.970333:0.966054
RedKayak_1920x1080_30_6Mbps_VBR_REF.h264:4942.4139:72.730966:35.880792:0.955335:0.951605
RedKayak_1920x1080_30_3Mbps_VBR_REF.h264:2559.8025:55.509034:33.323419:0.918803:0.917796
RedKayak_1920x1080_30_2Mbps_VBR_REF.h264:1752.6627:45.660373:31.917976:0.891110:0.892848
