RedKayak_1920x1080_30_15Mbps_CBR_REF.h264:12401.7613:89.828164:39.280805:0.980816:0.976537
RedKayak_1920x1080_30_9Mbps_CBR_REF.h264:7534.9537:79.327888:37.176611:0.964564:0.960481
RedKayak_1920x1080_30_6Mbps_CBR_REF.h264:5115.2105:70.036867:35.604300:0.946910:0.943736
RedKayak_1920x1080_30_3Mbps_CBR_REF.h264:2662.1912:53.038352:33.044194:0.905461:0.905868
RedKayak_1920x1080_30_2Mbps_CBR_REF.h264:1806.6665:43.425607:31.614133:0.874975:0.878385
