RushFieldCuts_1920x1080_30_15Mbps_CBR_REF.h264:13162.9912:96.015734:38.517005:0.992778:0.988081
RushFieldCuts_1920x1080_30_9Mbps_CBR_REF.h264:8005.3693:91.796751:36.963316:0.988084:0.982771
RushFieldCuts_1920x1080_30_6Mbps_CBR_REF.h264:5423.1267:86.747978:35.668263:0.982159:0.976565
RushFieldCuts_1920x1080_30_3Mbps_CBR_REF.h264:2796.8198:72.551849:33.020599:0.961914:0.956729
RushFieldCuts_1920x1080_30_2Mbps_CBR_REF.h264:1904.2417:61.885473:31.310883:0.940968:0.937135
