RushFieldCuts_1920x1080_30_15Mbps_VBR_REF.h264:12976.9907:96.366851:38.551795:0.993106:0.988430
RushFieldCuts_1920x1080_30_9Mbps_VBR_REF.h264:7903.7196:92.334940:37.043909:0.988608:0.983314
RushFieldCuts_1920x1080_30_6Mbps_VBR_REF.h264:5370.1402:87.094359:35.717392:0.982261:0.976668
RushFieldCuts_1920x1080_30_3Mbps_VBR_REF.h264:2770.9937:72.846873:33.050503:0.961792:0.956624
RushFieldCuts_1920x1080_30_2Mbps_VBR_REF.h264:1885.2733:62.000110:31.317076:0.940699:0.936891
