Sintel_trailer_o537n480_1920x1080_24_2Mbps_VBR_REF.h264:1487.2328:94.979051:46.171370:0.995784:0.995447
Sintel_trailer_o537n480_1920x1080_24_1.5Mbps_VBR_REF.h264:1088.3796:92.587678:45.007434:0.993590:0.993465
Sintel_trailer_o537n480_1920x1080_24_1Mbps_VBR_REF.h264:717.8124:87.801669:43.112857:0.987547:0.988498
Sintel_trailer_o537n480_1920x1080_24_0.5Mbps_VBR_REF.h264:364.0832:68.746085:37.525052:0.960216:0.965692
Sintel_trailer_o537n480_1920x1080_24_0.25Mbps_VBR_REF.h264:186.1384:29.879388:30.093490:0.891304:0.905886
