Sintel_trailer_o537n480_1920x1080_24_9Mbps_VBR_REF.h264:7340.4544:99.129394:52.482609:0.999415:0.999121
Sintel_trailer_o537n480_1920x1080_24_6Mbps_VBR_REF.h264:4768.6828:98.664656:50.268324:0.998990:0.998636
Sintel_trailer_o537n480_1920x1080_24_2Mbps_VBR_REF.h264:1482.1412:95.085770:46.317210:0.995789:0.995456
Sintel_trailer_o537n480_1920x1080_24_1Mbps_VBR_REF.h264:720.4628:87.768802:43.053325:0.987630:0.988564
Sintel_trailer_o537n480_1920x1080_24_0.5Mbps_VBR_REF.h264:363.8888:68.809280:37.631883:0.960648:0.965912
