Sintel_trailer_o537n480_1920x1080_24_9Mbps_CBR_REF.h264:7428.9920:99.164013:52.600543:0.999429:0.999136
Sintel_trailer_o537n480_1920x1080_24_6Mbps_CBR_REF.h264:4834.9988:98.679148:50.286798:0.999010:0.998655
Sintel_trailer_o537n480_1920x1080_24_2Mbps_CBR_REF.h264:1525.1488:94.995773:46.253854:0.995874:0.995530
Sintel_trailer_o537n480_1920x1080_24_1Mbps_CBR_REF.h264:743.5896:87.819534:43.238645:0.987924:0.988816
Sintel_trailer_o537n480_1920x1080_24_0.5Mbps_CBR_REF.h264:374.1136:69.194736:37.923143:0.961816:0.966891
