Sintel_trailer_o537n480_1920x1080_24_2Mbps_CBR_REF.h264:1525.1488:94.995773:46.253854:0.995874:0.995530
Sintel_trailer_o537n480_1920x1080_24_1.5Mbps_CBR_REF.h264:1126.1172:93.037295:45.358933:0.993766:0.993616
Sintel_trailer_o537n480_1920x1080_24_1Mbps_CBR_REF.h264:743.5896:87.819534:43.238645:0.987924:0.988816
Sintel_trailer_o537n480_1920x1080_24_0.5Mbps_CBR_REF.h264:374.1136:69.194736:37.923143:0.961816:0.966891
Sintel_trailer_o537n480_1920x1080_24_0.25Mbps_CBR_REF.h264:193.1448:34.596245:30.459114:0.895977:0.909710
