TangoNF_1280x720_60_7.5Mbps_VBR_REF.h264:7349.8122:98.744794:42.194306:0.993820:0.993440
TangoNF_1280x720_60_4.5Mbps_VBR_REF.h264:4383.3714:95.053907:40.092466:0.988567:0.988958
TangoNF_1280x720_60_3Mbps_VBR_REF.h264:2923.4824:89.566729:38.194836:0.981060:0.982815
TangoNF_1280x720_60_1.5Mbps_VBR_REF.h264:1461.4155:73.175240:34.623858:0.955303:0.962518
TangoNF_1280x720_60_1Mbps_VBR_REF.h264:975.2784:59.200388:32.394145:0.926438:0.940162
