TangoNF_1280x720_60_7.5Mbps_CBR_REF.h264:7341.8563:98.778820:42.199323:0.993852:0.993463
TangoNF_1280x720_60_4.5Mbps_CBR_REF.h264:4389.3388:95.110729:40.106506:0.988634:0.989009
TangoNF_1280x720_60_3Mbps_CBR_REF.h264:2927.0449:89.615013:38.204190:0.981138:0.982881
TangoNF_1280x720_60_1.5Mbps_CBR_REF.h264:1464.9127:73.272370:34.637165:0.955421:0.962598
TangoNF_1280x720_60_1Mbps_CBR_REF.h264:975.3273:59.357994:32.420310:0.926731:0.940401
