touchdown_pass_1280x720_30_7.5Mbps_VBR_REF.h264:7205.4657:98.998093:42.103321:0.993471:0.992405
touchdown_pass_1280x720_30_4.5Mbps_VBR_REF.h264:4375.0804:98.136254:40.936766:0.990604:0.989734
touchdown_pass_1280x720_30_3Mbps_VBR_REF.h264:2951.1507:96.399604:39.898738:0.986721:0.986249
touchdown_pass_1280x720_30_1.5Mbps_VBR_REF.h264:1503.0973:88.341431:37.704215:0.972765:0.974097
touchdown_pass_1280x720_30_1Mbps_VBR_REF.h264:1012.2337:79.929643:36.159394:0.955705:0.959847
