touchdown_pass_1280x720_30_7.5Mbps_CBR_REF.h264:7238.7899:98.981143:42.086062:0.993404:0.992339
touchdown_pass_1280x720_30_4.5Mbps_CBR_REF.h264:4390.7187:98.165745:40.943984:0.990591:0.989724
touchdown_pass_1280x720_30_3Mbps_CBR_REF.h264:2963.1023:96.444357:39.917539:0.986731:0.986264
touchdown_pass_1280x720_30_1.5Mbps_CBR_REF.h264:1509.7941:88.414756:37.731532:0.972733:0.974096
touchdown_pass_1280x720_30_1Mbps_CBR_REF.h264:1018.3267:79.973735:36.190437:0.955703:0.959896
