WITCHER3_1920x1080_60_15Mbps_CBR_REF.h264:16125.0432:91.149455:37.333678:0.979741:0.970162
WITCHER3_1920x1080_60_9Mbps_CBR_REF.h264:9617.8288:86.710756:36.172358:0.969633:0.958413
WITCHER3_1920x1080_60_6Mbps_CBR_REF.h264:6368.0976:82.068090:35.339888:0.958553:0.946622
WITCHER3_1920x1080_60_3Mbps_CBR_REF.h264:3134.2592:72.075159:34.068265:0.932473:0.921577
WITCHER3_1920x1080_60_2Mbps_CBR_REF.h264:2072.2832:66.054608:33.401502:0.914281:0.905233
