WITCHER3_1920x1080_60_15Mbps_VBR_REF.h264:16074.4184:91.166248:37.337007:0.979782:0.970231
WITCHER3_1920x1080_60_9Mbps_VBR_REF.h264:9583.0896:86.678674:36.166910:0.969537:0.958311
WITCHER3_1920x1080_60_6Mbps_VBR_REF.h264:6339.0936:82.083161:35.337735:0.958488:0.946570
WITCHER3_1920x1080_60_3Mbps_VBR_REF.h264:3126.4224:72.087576:34.065413:0.932383:0.921491
WITCHER3_1920x1080_60_2Mbps_VBR_REF.h264:2065.0720:66.079969:33.403840:0.914254:0.905212
