BasketballDrive_1920x1080_50_24Mbps_CBR_REF.h264:24433.0832:99.635404:39.020315:0.993996:0.987675
BasketballDrive_1920x1080_50_12Mbps_CBR_REF.h264:12086.531200000001:99.016263:37.932907:0.990972:0.983723
BasketballDrive_1920x1080_50_6Mbps_CBR_REF.h264:6023.666399999999:92.226723:36.299419:0.981584:0.973713
BasketballDrive_1920x1080_50_3Mbps_CBR_REF.h264:2977.0584:76.958775:33.899971:0.957785:0.951296
BasketballDrive_1920x1080_50_2Mbps_CBR_REF.h264:1966.8727999999999:64.383484:32.120453:0.929707:0.926554
