BasketballDrive_1920x1080_50_24Mbps_VBR_REF.h264:24294.2816:99.794414:39.074624:0.994368:0.988081
BasketballDrive_1920x1080_50_12Mbps_VBR_REF.h264:12053.7696:98.966046:37.925691:0.990951:0.983705
BasketballDrive_1920x1080_50_6Mbps_VBR_REF.h264:6008.3624:92.221116:36.295581:0.981599:0.973734
BasketballDrive_1920x1080_50_3Mbps_VBR_REF.h264:2970.9928:76.918385:33.894743:0.957674:0.951183
BasketballDrive_1920x1080_50_2Mbps_VBR_REF.h264:1960.5367999999999:64.229359:32.109624:0.929394:0.926291
