BoatNF_1280x720_60_12Mbps_VBR_REF.h264:12136.2992:97.407545:38.125479:0.997563:0.996923
BoatNF_1280x720_60_6Mbps_VBR_REF.h264:6071.7392:92.39161:34.447723:0.993665:0.992262
BoatNF_1280x720_60_3Mbps_VBR_REF.h264:3018.4528000000005:82.811927:30.810981:0.981836:0.979374
BoatNF_1280x720_60_1.5Mbps_VBR_REF.h264:1496.6928:68.070913:27.677177:0.952673:0.950734
BoatNF_1280x720_60_1Mbps_VBR_REF.h264:989.7504:57.0929:26.046625:0.920887:0.921401
