Bunny_1920x1080_24_600_24Mbps_CBR_REF.h264:22200.71712:99.252532:52.81063:0.999666:0.999259
Bunny_1920x1080_24_600_12Mbps_CBR_REF.h264:11275.384960000001:98.722084:49.274739:0.999053:0.998264
Bunny_1920x1080_24_600_6Mbps_CBR_REF.h264:5770.392:97.387204:46.119017:0.997613:0.996319
Bunny_1920x1080_24_600_3Mbps_CBR_REF.h264:2923.05504:93.170968:42.791879:0.993786:0.991868
Bunny_1920x1080_24_600_2Mbps_CBR_REF.h264:1958.28256:87.498248:40.67659:0.988905:0.986686
