Bunny_1920x1080_24_600_12Mbps_VBR_REF.h264:10851.3216:98.805006:49.319492:0.999107:0.998321
Bunny_1920x1080_24_600_9Mbps_VBR_REF.h264:8153.4371:98.444370:48.014333:0.998680:0.997692
Bunny_1920x1080_24_600_6Mbps_VBR_REF.h264:5475.2102:97.555496:46.170930:0.997709:0.996401
Bunny_1920x1080_24_600_3Mbps_VBR_REF.h264:2762.4755:93.631094:42.878779:0.993997:0.992024
Bunny_1920x1080_24_600_2Mbps_VBR_REF.h264:1848.3165:88.203922:40.786203:0.989236:0.986900
