Cactus_1920x1080_50_24Mbps_CBR_REF.h264:23871.572:97.032699:38.307964:0.995065:0.988419
Cactus_1920x1080_50_12Mbps_CBR_REF.h264:11726.2144:95.468691:37.55519:0.993552:0.986268
Cactus_1920x1080_50_6Mbps_CBR_REF.h264:5847.6648:91.566128:36.384487:0.989392:0.981036
Cactus_1920x1080_50_3Mbps_CBR_REF.h264:2907.0344:82.432407:34.387373:0.977659:0.967569
Cactus_1920x1080_50_2Mbps_CBR_REF.h264:1939.6047999999998:73.997495:32.930915:0.963176:0.952279
