crowd_run_1280x720_50_15Mbps_CBR_REF.h264:15022.776:95.0238:33.429019:0.988908:0.986305
crowd_run_1280x720_50_12Mbps_CBR_REF.h264:11998.412:92.260707:32.337727:0.985188:0.9822
crowd_run_1280x720_50_10Mbps_CBR_REF.h264:10021.742400000001:89.584611:31.494233:0.981496:0.978228
crowd_run_1280x720_50_8Mbps_CBR_REF.h264:8019.8704:85.64375:30.499759:0.975532:0.97211
crowd_run_1280x720_50_6Mbps_CBR_REF.h264:6020.88:79.768503:29.280342:0.965597:0.962277
