crowd_run_1280x720_50_15Mbps_VBR_REF.h264:14822.696:95.587848:33.553116:0.98951:0.986983
crowd_run_1280x720_50_12Mbps_VBR_REF.h264:11851.2712:92.893963:32.458069:0.98604:0.9831
crowd_run_1280x720_50_10Mbps_VBR_REF.h264:9893.192:90.260001:31.606633:0.982431:0.979172
crowd_run_1280x720_50_8Mbps_VBR_REF.h264:7930.5488:86.437988:30.610768:0.976823:0.973349
crowd_run_1280x720_50_6Mbps_VBR_REF.h264:5942.104:80.503131:29.359417:0.966835:0.963392
