crowd_run_1920x1080p_500_50_35Mbps_VBR_REF.h264:34250.148:98.287344:35.600259:0.994088:0.987029
crowd_run_1920x1080p_500_50_30Mbps_VBR_REF.h264:29369.699200000003:97.35652:34.974704:0.993026:0.985113
crowd_run_1920x1080p_500_50_25Mbps_VBR_REF.h264:24527.657600000002:95.821205:34.228218:0.991442:0.982319
crowd_run_1920x1080p_500_50_20Mbps_VBR_REF.h264:19599.6688:93.202472:33.29963:0.988969:0.978092
crowd_run_1920x1080p_500_50_15Mbps_VBR_REF.h264:14694.099199999999:88.70232:32.096217:0.984355:0.970762
