CSGO_1920x1080_60_24Mbps_CBR_REF.h264:41048.176:98.732271:49.623494:0.99852:0.997075
CSGO_1920x1080_60_12Mbps_CBR_REF.h264:21530.885599999998:98.235584:47.8572:0.996587:0.993934
CSGO_1920x1080_60_6Mbps_CBR_REF.h264:11142.7712:95.478525:46.210529:0.992131:0.987899
CSGO_1920x1080_60_3Mbps_CBR_REF.h264:5561.3952:89.652408:44.356288:0.982:0.976436
CSGO_1920x1080_60_2Mbps_CBR_REF.h264:3638.5696000000003:84.927304:42.871703:0.970789:0.965207
