DinnerScene_1920x1080_60_4Mbps_CBR_REF.h264:3934.4728:93.663535:43.471938:0.995505:0.991839
DinnerScene_1920x1080_60_3Mbps_CBR_REF.h264:2927.0224:93.131932:43.335789:0.995112:0.991462
DinnerScene_1920x1080_60_2Mbps_CBR_REF.h264:1920.4935999999998:92.133115:43.100242:0.994392:0.9908
DinnerScene_1920x1080_60_1.5Mbps_CBR_REF.h264:1417.2927999999997:91.033148:42.846445:0.993518:0.989991
DinnerScene_1920x1080_60_1Mbps_CBR_REF.h264:903.6976:88.538378:42.295349:0.99137:0.988104
