DOTA2_1920x1080_60_600_24Mbps_CBR_REF.h264:24297.470400000002:98.668544:44.984182:0.998031:0.996454
DOTA2_1920x1080_60_600_12Mbps_CBR_REF.h264:12178.188799999998:97.239496:42.615679:0.996104:0.993524
DOTA2_1920x1080_60_600_6Mbps_CBR_REF.h264:6039.0976:94.185797:40.225382:0.991769:0.987765
DOTA2_1920x1080_60_600_3Mbps_CBR_REF.h264:2956.2424:87.583139:37.648076:0.981196:0.975866
DOTA2_1920x1080_60_600_2Mbps_CBR_REF.h264:1952.5696:80.733081:35.996589:0.968913:0.963469
