DOTA2_1920x1080_60_600_24Mbps_VBR_REF.h264:24284.7072:98.656224:44.970516:0.998018:0.996439
DOTA2_1920x1080_60_600_12Mbps_VBR_REF.h264:12127.529600000002:97.18044:42.584708:0.996072:0.993485
DOTA2_1920x1080_60_600_6Mbps_VBR_REF.h264:6008.2304:94.120295:40.187525:0.991662:0.987646
DOTA2_1920x1080_60_600_3Mbps_VBR_REF.h264:2924.5024:87.291307:37.560518:0.980723:0.97535
DOTA2_1920x1080_60_600_2Mbps_VBR_REF.h264:1926.7712:80.269225:35.896065:0.968107:0.962674
