FoodMarket2NF_1280x720_60_12Mbps_VBR_REF.h264:11494.3312:99.331423:41.237815:0.997686:0.997013
FoodMarket2NF_1280x720_60_6Mbps_VBR_REF.h264:5580.8128:98.48538:38.161526:0.994088:0.992967
FoodMarket2NF_1280x720_60_3Mbps_VBR_REF.h264:2673.4416:93.324916:34.740128:0.983404:0.982215
FoodMarket2NF_1280x720_60_1.5Mbps_VBR_REF.h264:1306.4336:79.620709:31.290094:0.956291:0.957558
FoodMarket2NF_1280x720_60_1Mbps_VBR_REF.h264:850.0063999999999:66.809286:29.159819:0.923819:0.929687
