GTAV_1920x1080_60_600_24Mbps_CBR_REF.h264:25031.2872:94.972547:36.547752:0.984565:0.975684
GTAV_1920x1080_60_600_12Mbps_CBR_REF.h264:12581.1536:85.320599:34.099543:0.964447:0.95163
GTAV_1920x1080_60_600_6Mbps_CBR_REF.h264:6379.3176:72.756429:31.945647:0.929024:0.914847
GTAV_1920x1080_60_600_3Mbps_CBR_REF.h264:3258.9096:58.568646:29.893293:0.873361:0.862666
GTAV_1920x1080_60_600_2Mbps_CBR_REF.h264:2200.192:50.302569:28.705756:0.831311:0.825066
