Hearthstone_1920x1080_60_10Mbps_VBR_REF.h264:9313.4112:97.437972:49.171900:0.999331:0.998908
Hearthstone_1920x1080_60_5.5Mbps_VBR_REF.h264:5136.7672:96.730739:46.419012:0.998650:0.998060
Hearthstone_1920x1080_60_3Mbps_VBR_REF.h264:2778.1760:94.952195:42.908855:0.997049:0.996141
Hearthstone_1920x1080_60_2.25Mbps_VBR_REF.h264:2084.6840:93.535204:41.287148:0.995875:0.994718
Hearthstone_1920x1080_60_1.125Mbps_VBR_REF.h264:1032.7984:86.668124:37.029528:0.989888:0.987637
