Kimono1_1920x1080_24_24Mbps_CBR_REF.h264:24305.9856:98.392161:43.274315:0.996851:0.993941
Kimono1_1920x1080_24_12Mbps_CBR_REF.h264:10980.7904:96.93216:41.905844:0.995141:0.991724
Kimono1_1920x1080_24_6Mbps_CBR_REF.h264:5131.796:94.327696:40.765764:0.992756:0.988944
Kimono1_1920x1080_24_3Mbps_CBR_REF.h264:2454.9087999999997:85.936916:38.743794:0.983889:0.980124
Kimono1_1920x1080_24_2Mbps_CBR_REF.h264:1615.2552000000003:78.363881:37.257715:0.973591:0.970429
