Kimono1_1280x720_24_12Mbps_CBR_REF.h264:11089.0096:99.356078:45.048189:0.997444:0.996796
Kimono1_1280x720_24_6Mbps_CBR_REF.h264:5216.344:98.387219:43.088085:0.995359:0.994831
Kimono1_1280x720_24_3Mbps_CBR_REF.h264:2495.308:94.428401:40.667544:0.989729:0.990024
Kimono1_1280x720_24_1.5Mbps_CBR_REF.h264:1218.2736:85.865242:37.826081:0.976096:0.978958
Kimono1_1280x720_24_1Mbps_CBR_REF.h264:806.04:78.428432:36.087248:0.961201:0.967222
