Kimono1_1920x1080_24_24Mbps_VBR_REF.h264:23164.981600000003:98.980037:43.309236:0.997511:0.99461
Kimono1_1920x1080_24_12Mbps_VBR_REF.h264:10796.888:97.883571:42.075516:0.996058:0.992564
Kimono1_1920x1080_24_6Mbps_VBR_REF.h264:5028.5488:94.541482:40.787299:0.992946:0.989107
Kimono1_1920x1080_24_3Mbps_VBR_REF.h264:2405.1575999999995:85.77225:38.727912:0.983885:0.980118
Kimono1_1920x1080_24_2Mbps_VBR_REF.h264:1590.0432000000003:78.240202:37.249966:0.973654:0.970482
