MINECRAFT_1920x1080_60_600_24Mbps_VBR_REF.h264:24983.972:97.946039:36.342222:0.990368:0.984249
MINECRAFT_1920x1080_60_600_12Mbps_VBR_REF.h264:11993.943200000002:89.638887:33.347152:0.976378:0.965899
MINECRAFT_1920x1080_60_600_6Mbps_VBR_REF.h264:5778.7424:72.653583:30.738599:0.94127:0.928041
MINECRAFT_1920x1080_60_600_3Mbps_VBR_REF.h264:2849.7368:51.63445:28.348806:0.863567:0.856738
MINECRAFT_1920x1080_60_600_2Mbps_VBR_REF.h264:1902.412:40.240904:26.936628:0.790267:0.792209
