MINECRAFT_1920x1080_60_600_24Mbps_CBR_REF.h264:25159.873600000003:97.735964:36.274419:0.989923:0.983686
MINECRAFT_1920x1080_60_600_12Mbps_CBR_REF.h264:12052.9088:88.87952:33.259086:0.974864:0.964277
MINECRAFT_1920x1080_60_600_6Mbps_CBR_REF.h264:5832.5055999999995:72.32256:30.716718:0.939991:0.926923
MINECRAFT_1920x1080_60_600_3Mbps_CBR_REF.h264:2863.1528:51.489868:28.336826:0.862698:0.856037
MINECRAFT_1920x1080_60_600_2Mbps_CBR_REF.h264:1910.3791999999999:40.269416:26.929885:0.789601:0.791657
