MrFox_BlueBird_1920x1080_30_24Mbps_VBR_REF.h264:17257.959199999998:98.147247:57.23677:0.99989:0.999766
MrFox_BlueBird_1920x1080_30_12Mbps_VBR_REF.h264:8891.4624:97.911771:53.762511:0.999565:0.999228
MrFox_BlueBird_1920x1080_30_6Mbps_VBR_REF.h264:4569.1504:97.168197:49.272561:0.998417:0.997716
MrFox_BlueBird_1920x1080_30_3Mbps_VBR_REF.h264:2265.2832000000003:94.49497:44.701508:0.994616:0.993504
MrFox_BlueBird_1920x1080_30_2Mbps_VBR_REF.h264:1493.5544:90.108955:42.052741:0.989382:0.988222
