MrFox_BlueBird_1920x1080_30_5.5Mbps_VBR_REF.h264:4203.3736:97.007919:48.720578:0.998191:0.997438
MrFox_BlueBird_1920x1080_30_4Mbps_VBR_REF.h264:3022.6304:95.940770:46.569894:0.996578:0.995648
MrFox_BlueBird_1920x1080_30_3Mbps_VBR_REF.h264:2260.7336:94.528269:44.731765:0.994650:0.993543
MrFox_BlueBird_1920x1080_30_2.25Mbps_VBR_REF.h264:1684.2032:91.743806:42.868015:0.991326:0.990159
MrFox_BlueBird_1920x1080_30_1.125Mbps_VBR_REF.h264:823.6296:77.960782:38.025473:0.973092:0.972481
