MrFox_BlueBird_1920x1080_30_5.5Mbps_CBR_REF.h264:4461.5184:97.180031:49.178977:0.998488:0.997806
MrFox_BlueBird_1920x1080_30_4Mbps_CBR_REF.h264:3209.0360:96.295096:47.055801:0.997119:0.996249
MrFox_BlueBird_1920x1080_30_3Mbps_CBR_REF.h264:2413.5184:95.019435:45.204806:0.995345:0.994293
MrFox_BlueBird_1920x1080_30_2.25Mbps_CBR_REF.h264:1800.0400:92.575323:43.357857:0.992327:0.991207
MrFox_BlueBird_1920x1080_30_1.125Mbps_CBR_REF.h264:873.7848:79.896693:38.476934:0.976377:0.975575
