ParkScene_1280x720_24_12Mbps_CBR_REF.h264:11559.192:98.279776:43.195654:0.997033:0.99643
ParkScene_1280x720_24_6Mbps_CBR_REF.h264:5650.914400000001:96.454746:40.797135:0.994931:0.994212
ParkScene_1280x720_24_3Mbps_CBR_REF.h264:2787.5984:93.047268:38.220803:0.99043:0.989544
ParkScene_1280x720_24_1.5Mbps_CBR_REF.h264:1377.968:86.650661:35.519349:0.98053:0.979748
ParkScene_1280x720_24_1Mbps_CBR_REF.h264:908.2672:80.54863:33.913155:0.969646:0.969449
