PierSeasideNF_1280x720_60_12Mbps_CBR_REF.h264:12857.012799999999:98.676631:44.845901:0.996982:0.996545
PierSeasideNF_1280x720_60_6Mbps_CBR_REF.h264:6416.865599999999:97.495268:42.909094:0.994659:0.994191
PierSeasideNF_1280x720_60_3Mbps_CBR_REF.h264:3195.1208:95.37846:40.947703:0.990332:0.990062
PierSeasideNF_1280x720_60_1.5Mbps_CBR_REF.h264:1577.8208:91.2503:38.846404:0.981959:0.982541
PierSeasideNF_1280x720_60_1Mbps_CBR_REF.h264:1040.0136:87.373379:37.499453:0.974071:0.975637
