RedKayak_1920x1080_30_24Mbps_VBR_REF.h264:19660.462736842102:98.201844:41.574031:0.991601:0.987757
RedKayak_1920x1080_30_12Mbps_VBR_REF.h264:9691.196631578949:88.13789:38.608311:0.978877:0.974494
RedKayak_1920x1080_30_6Mbps_VBR_REF.h264:4939.388210526316:72.708125:35.872196:0.95529:0.951572
RedKayak_1920x1080_30_3Mbps_VBR_REF.h264:2563.1330526315787:55.548029:33.328676:0.918893:0.917848
RedKayak_1920x1080_30_2Mbps_VBR_REF.h264:1751.0724210526314:45.708897:31.925556:0.891153:0.89292
