RedKayak_1920x1080_30_24Mbps_CBR_REF.h264:19940.61389473684:96.88043:41.353979:0.990016:0.986147
RedKayak_1920x1080_30_12Mbps_CBR_REF.h264:9940.89094736842:85.595622:38.356026:0.974727:0.970439
RedKayak_1920x1080_30_6Mbps_CBR_REF.h264:5115.21052631579:70.036867:35.6043:0.94691:0.943736
RedKayak_1920x1080_30_3Mbps_CBR_REF.h264:2662.191157894737:53.038352:33.044194:0.905461:0.905868
RedKayak_1920x1080_30_2Mbps_CBR_REF.h264:1806.6665263157895:43.425607:31.614133:0.874975:0.878385
