RushFieldCuts_1920x1080_30_24Mbps_VBR_REF.h264:20735.788210526316:98.483128:40.035092:0.995449:0.991498
RushFieldCuts_1920x1080_30_12Mbps_VBR_REF.h264:10446.792421052633:94.886655:37.904286:0.991485:0.986522
RushFieldCuts_1920x1080_30_6Mbps_VBR_REF.h264:5369.94652631579:87.074266:35.716127:0.982235:0.976645
RushFieldCuts_1920x1080_30_3Mbps_VBR_REF.h264:2769.7414736842106:72.848394:33.046886:0.961692:0.95654
RushFieldCuts_1920x1080_30_2Mbps_VBR_REF.h264:1885.4627368421054:62.010415:31.314034:0.940708:0.936889
