Sintel_trailer_o537n480_1920x1080_24_3Mbps_VBR_REF.h264:2289.3624:96.977053:47.672759:0.997558:0.997148
Sintel_trailer_o537n480_1920x1080_24_2Mbps_VBR_REF.h264:1482.6236:94.937963:46.163442:0.995780:0.995447
Sintel_trailer_o537n480_1920x1080_24_1.5Mbps_VBR_REF.h264:1088.4708:92.656904:45.040550:0.993577:0.993448
Sintel_trailer_o537n480_1920x1080_24_1Mbps_VBR_REF.h264:716.5848:87.779455:43.049732:0.987452:0.988423
Sintel_trailer_o537n480_1920x1080_24_0.5Mbps_VBR_REF.h264:363.9332:68.608922:37.560441:0.960363:0.965698
