TangoNF_1280x720_60_12Mbps_CBR_REF.h264:11826.58775510204:99.791631:43.757127:0.996241:0.99562
TangoNF_1280x720_60_6Mbps_CBR_REF.h264:5857.799183673469:97.574101:41.331402:0.991989:0.991846
TangoNF_1280x720_60_3Mbps_CBR_REF.h264:2927.044897959184:89.615013:38.20419:0.981138:0.982881
TangoNF_1280x720_60_1.5Mbps_CBR_REF.h264:1464.9126530612245:73.27237:34.637165:0.955421:0.962598
TangoNF_1280x720_60_1Mbps_CBR_REF.h264:975.3273469387755:59.357994:32.42031:0.926731:0.940401
