BasketballDrive_1920x1080_50_15Mbps_VBR_REF.h265:15282.715199999999:99.52243327555793:38.88139086708457:0.994590274810791:0.9881243715725003
BasketballDrive_1920x1080_50_9Mbps_VBR_REF.h265:9127.488:98.57760983316852:38.08075808144098:0.9921175225973129:0.9850029675252725
BasketballDrive_1920x1080_50_6Mbps_VBR_REF.h265:6056.0832:96.31353579427093:37.28006060317608:0.988400751709938:0.9808303082852037
BasketballDrive_1920x1080_50_3Mbps_VBR_REF.h265:3004.2151999999996:86.9892342864646:35.47902504855465:0.9762782056331635:0.9684016449670693
BasketballDrive_1920x1080_50_2Mbps_VBR_REF.h265:1983.78:78.77161979881656:34.20017153689776:0.9636262323856354:0.956371972664013
