BasketballDrive_1920x1080_50_15Mbps_CBR_REF.h265:15279.499199999998:99.83880288425195:38.95387756971392:0.9949737377166749:0.9884994542776564
BasketballDrive_1920x1080_50_9Mbps_CBR_REF.h265:9135.734400000001:99.24273689641159:38.18431137905357:0.9928208796977996:0.9856756902462709
BasketballDrive_1920x1080_50_6Mbps_CBR_REF.h265:6076.456:97.31066949813477:37.41153514027459:0.9895760649442673:0.9818997432571032
BasketballDrive_1920x1080_50_3Mbps_CBR_REF.h265:3022.0928:88.27826236333523:35.64162234547351:0.9785191538333893:0.9703100422154279
BasketballDrive_1920x1080_50_2Mbps_CBR_REF.h265:2011.0367999999999:80.19568578327504:34.38346366146828:0.967019745349884:0.9592266950978277
