BoatNF_1280x720_60_7.5Mbps_CBR_REF.h265:7361.452800000001:95.718694:36.221785:0.996098:0.995058
BoatNF_1280x720_60_4.5Mbps_CBR_REF.h265:4401.566400000001:91.176873:33.516217:0.991941:0.990067
BoatNF_1280x720_60_3Mbps_CBR_REF.h265:2934.4816:85.822202:31.469271:0.985401:0.982722
BoatNF_1280x720_60_1.5Mbps_CBR_REF.h265:1471.6816000000001:73.057075:28.406247:0.963269:0.959608
BoatNF_1280x720_60_1Mbps_CBR_REF.h265:986.6016000000001:63.820971:26.896603:0.941115:0.937902
