BoatNF_1280x720_60_7.5Mbps_VBR_REF.h265:7079.9136:95.08912274880662:35.90371757082241:0.995416757663091:0.9944009108954172
BoatNF_1280x720_60_4.5Mbps_VBR_REF.h265:4224.1248:90.22940634991913:33.20216925985767:0.9906814630826314:0.9888530564226999
BoatNF_1280x720_60_3Mbps_VBR_REF.h265:2809.208:84.80739048800625:31.20937633929384:0.9835939510663351:0.9810374894321026
BoatNF_1280x720_60_1.5Mbps_VBR_REF.h265:1389.1328:71.54288228528557:28.14528291966535:0.9590652674436569:0.9559459786151283
BoatNF_1280x720_60_1Mbps_VBR_REF.h265:916.576:61.66111739113553:26.58656176420311:0.9337387371063233:0.931743217271007
