BoatNF_1280x720_60_7.5Mbps_CBR_REF.h265:7361.452800000001:95.72460807076213:36.22178520417664:0.9959317576885224:0.9949417296203329
BoatNF_1280x720_60_4.5Mbps_CBR_REF.h265:4401.566400000001:91.18633571559863:33.51621696503128:0.9917659558852514:0.9899428544767324
BoatNF_1280x720_60_3Mbps_CBR_REF.h265:2934.4816:85.83553000098796:31.46927058490018:0.985222973227501:0.9825950818417709
BoatNF_1280x720_60_1.5Mbps_CBR_REF.h265:1471.6816000000001:73.0783238010972:28.40624703708214:0.9630841551224391:0.9594767213158372
BoatNF_1280x720_60_1Mbps_CBR_REF.h265:986.6016000000001:63.85063363977115:26.89660296232806:0.9409300088882446:0.9377702818495885
