bq_terrace_1920x1080p_600_60_15Mbps_CBR_REF.h265:14910.7584:97.12136559136052:35.85036989611077:0.9933311274647713:0.9843751847154404
bq_terrace_1920x1080p_600_60_9Mbps_CBR_REF.h265:8853.9:96.50122271162421:35.33488112306419:0.9918670493364334:0.9823436006738655
bq_terrace_1920x1080p_600_60_6Mbps_CBR_REF.h265:5879.4816:95.69983480035444:34.91935506765038:0.9903974714875221:0.980417258700828
bq_terrace_1920x1080p_600_60_3Mbps_CBR_REF.h265:2942.9416:93.27229180792685:34.06685768766722:0.9866276164849599:0.9756432262618464
bq_terrace_1920x1080p_600_60_2Mbps_CBR_REF.h265:1958.6576:90.6153264605518:33.40952882282232:0.9829328093926112:0.9710869778441865
