bq_terrace_1920x1080p_600_60_15Mbps_VBR_REF.h265:15133.2792:97.01074755192911:35.80526685608966:0.9932017169396082:0.9842409118020178
bq_terrace_1920x1080p_600_60_9Mbps_VBR_REF.h265:8976.488800000001:96.2896106367561:35.26538291959135:0.991550584435463:0.9820449280344338
bq_terrace_1920x1080p_600_60_6Mbps_VBR_REF.h265:5920.1056:95.41994408347186:34.82952814334351:0.9897993052005768:0.9798069084451531
bq_terrace_1920x1080p_600_60_3Mbps_VBR_REF.h265:2919.6144:92.64417575529912:33.94427234489035:0.9853023751576742:0.9741911061356173
bq_terrace_1920x1080p_600_60_2Mbps_VBR_REF.h265:1908.048:89.71363645989628:33.25433543205595:0.9807506883144379:0.9686295066656629
