Bunny_1920x1080_24_600_15Mbps_VBR_REF.h265:13523.403199999999:99.0087694169647:50.64799214147266:0.9989810853203138:0.9984579011222646
Bunny_1920x1080_24_600_9Mbps_VBR_REF.h265:8157.85472:98.5561397405921:48.50401640386772:0.9984664025902749:0.9976762316432579
Bunny_1920x1080_24_600_6Mbps_VBR_REF.h265:5444.62112:97.95945454892868:46.96622936390609:0.9978233968218168:0.9967852320151714
Bunny_1920x1080_24_600_3Mbps_VBR_REF.h265:2749.8982400000004:95.7327426543967:44.22074461896698:0.9956387416521708:0.994050497694602
Bunny_1920x1080_24_600_2Mbps_VBR_REF.h265:1835.3366400000002:92.66689264997923:42.46999838924708:0.9930068704485894:0.9910282289806022
