Bunny_1920x1080_24_600_15Mbps_CBR_REF.h265:13697.76448:99.2587207285094:51.55582702097159:0.9990303032596906:0.9985104451018515
Bunny_1920x1080_24_600_9Mbps_CBR_REF.h265:8301.264640000001:99.01629589375179:49.40889130911938:0.9985529925425848:0.9977515884791986
Bunny_1920x1080_24_600_6Mbps_CBR_REF.h265:5519.56896:98.6419888962584:47.77371003977143:0.9978849347432455:0.9968008743076546
Bunny_1920x1080_24_600_3Mbps_CBR_REF.h265:2739.5049599999998:96.78067760514736:45.0394249294101:0.9954304411013921:0.9936698216186992
Bunny_1920x1080_24_600_2Mbps_CBR_REF.h265:1837.8233599999999:93.6963252604807:43.37825381332511:0.9923613226413727:0.9901474086810945
