Bunny_1920x1080_24_600_15Mbps_CBR_REF.h265:13697.76448:99.252952:51.555827:0.999504:0.998953
Bunny_1920x1080_24_600_9Mbps_CBR_REF.h265:8301.264640000001:99.010061:49.408891:0.999037:0.998208
Bunny_1920x1080_24_600_6Mbps_CBR_REF.h265:5519.56896:98.634549:47.77371:0.998385:0.997274
Bunny_1920x1080_24_600_3Mbps_CBR_REF.h265:2739.5049599999998:96.767788:45.039425:0.995967:0.994178
Bunny_1920x1080_24_600_2Mbps_CBR_REF.h265:1837.8233599999999:93.679066:43.378254:0.992928:0.990681
