Cactus_1920x1080_50_15Mbps_CBR_REF.h265:14762.887200000001:96.86716728791914:38.17720167493714:0.9952966394424438:0.9885665354397141
Cactus_1920x1080_50_9Mbps_CBR_REF.h265:8859.615199999998:95.32238179653446:37.50354035357203:0.9936244975328445:0.9862320862190029
Cactus_1920x1080_50_6Mbps_CBR_REF.h265:5907.049599999999:93.33286782928951:36.81615220973435:0.9913842939138412:0.9832800746361505
Cactus_1920x1080_50_3Mbps_CBR_REF.h265:2957.9455999999996:86.43109819333698:35.10445747781689:0.9831499085426331:0.9731738208457429
Cactus_1920x1080_50_2Mbps_CBR_REF.h265:1973.1560000000002:79.88677603535685:33.86628976467701:0.9736192415952682:0.9624363022264855
