Cactus_1920x1080_50_15Mbps_VBR_REF.h265:14680.231200000002:96.36732163319998:38.06951074457484:0.9948391851186752:0.9880370249481017
Cactus_1920x1080_50_9Mbps_VBR_REF.h265:8743.782399999998:94.51608681311944:37.37025317918737:0.9927233034372329:0.9852830922644984
Cactus_1920x1080_50_6Mbps_VBR_REF.h265:5800.316:92.3649218215717:36.69212648441048:0.9900193953514099:0.9819733208450986
Cactus_1920x1080_50_3Mbps_VBR_REF.h265:2871.7896:85.35782964937206:35.00536243491932:0.9806791929006576:0.9710939599319884
Cactus_1920x1080_50_2Mbps_VBR_REF.h265:1901.4784:78.7636115021813:33.74287989302933:0.9701567298173904:0.9596051310455932
