crowd_run_1280x720_50_15Mbps_VBR_REF.h265:14678.7272:96.69531343491232:34.21930227938965:0.9915471620559693:0.9891635192476141
crowd_run_1280x720_50_12Mbps_VBR_REF.h265:11731.0416:94.51333813528551:33.10386783787077:0.9887366392612458:0.9858499564832084
crowd_run_1280x720_50_10Mbps_VBR_REF.h265:9768.6992:92.13149015854943:32.21687592495135:0.9857407110929489:0.9824433338018873
crowd_run_1280x720_50_8Mbps_VBR_REF.h265:7797.760799999999:88.69988620333669:31.18330346802876:0.9810063573122024:0.9772804030350415
crowd_run_1280x720_50_6Mbps_VBR_REF.h265:5846.8008:83.46569246306161:29.93867550385029:0.97296451151371:0.9688999558988772
