crowd_run_1920x1080p_500_50_35Mbps_CBR_REF.h265:34500.8664:98.93280361539705:36.23460101317762:0.9953201090097428:0.9889056976422234
crowd_run_1920x1080p_500_50_30Mbps_CBR_REF.h265:29570.1336:98.24631397761348:35.63451268445017:0.994599108338356:0.9874425204345734
crowd_run_1920x1080p_500_50_25Mbps_CBR_REF.h265:24639.264799999997:97.10037376186878:34.9062296775925:0.9934878063201904:0.9852637065178745
crowd_run_1920x1080p_500_50_20Mbps_CBR_REF.h265:19715.472:95.12456022743265:34.00469326878979:0.991694706082344:0.9818917865327187
crowd_run_1920x1080p_500_50_15Mbps_CBR_REF.h265:14784.743199999999:91.48235602457824:32.83351533791772:0.9883971289396286:0.9760793311628588
