crowd_run_1920x1080p_500_50_35Mbps_CBR_REF.h265:34500.8664:98.923982:36.234601:0.995322:0.988924
crowd_run_1920x1080p_500_50_30Mbps_CBR_REF.h265:29570.1336:98.235157:35.634513:0.994601:0.987461
crowd_run_1920x1080p_500_50_25Mbps_CBR_REF.h265:24639.264799999997:97.085913:34.90623:0.99349:0.985284
crowd_run_1920x1080p_500_50_20Mbps_CBR_REF.h265:19715.472:95.105799:34.004693:0.991698:0.981915
crowd_run_1920x1080p_500_50_15Mbps_CBR_REF.h265:14784.743199999999:91.457982:32.833515:0.988402:0.976108
