crowd_run_1920x1080p_500_50_35Mbps_VBR_REF.h265:34226.720799999996:98.68825292185929:36.17938215220485:0.9952022702693939:0.9887517413544453
crowd_run_1920x1080p_500_50_30Mbps_VBR_REF.h265:29292.308799999995:97.93683419682166:35.57197027485656:0.994441440820694:0.9872459178459254
crowd_run_1920x1080p_500_50_25Mbps_VBR_REF.h265:24336.0392:96.74517413352287:34.83045358547368:0.9933014575242997:0.9850242217995167
crowd_run_1920x1080p_500_50_20Mbps_VBR_REF.h265:19470.213600000003:94.71984012001816:33.92897341493693:0.9914242725372314:0.9815296488465407
crowd_run_1920x1080p_500_50_15Mbps_VBR_REF.h265:14603.5152:90.96515699871186:32.75769418901498:0.9880025031566619:0.9755788539416783
