crowd_run_1280x720_50_15Mbps_CBR_REF.h265:14796.719200000001:96.96465528239624:34.27558281947133:0.991662750005722:0.9892590720574839
crowd_run_1280x720_50_12Mbps_CBR_REF.h265:11839.916:94.79586287000818:33.16078603917079:0.98886219227314:0.985979623241424
crowd_run_1280x720_50_10Mbps_CBR_REF.h265:9863.677599999999:92.56045417543808:32.28939899944755:0.9859197249412537:0.9826283591468793
crowd_run_1280x720_50_8Mbps_CBR_REF.h265:7892.275999999999:89.22467894223276:31.2717773874192:0.9813344084024429:0.977618103003431
crowd_run_1280x720_50_6Mbps_CBR_REF.h265:5922.0936:84.0798821846757:30.02813740636428:0.9735098166465759:0.9694053491529272
