CSGO_1920x1080_60_15Mbps_CBR_REF.h265:15614.974400000001:97.4791006614861:47.27730404787567:0.9957776116331418:0.992616572239383
CSGO_1920x1080_60_9Mbps_CBR_REF.h265:9331.591199999999:94.90373303450164:46.1148042046751:0.9924671549598376:0.988050503651338
CSGO_1920x1080_60_6Mbps_CBR_REF.h265:6082.408:91.86678288519492:45.22492279870313:0.9882986860473951:0.9828684900087177
CSGO_1920x1080_60_3Mbps_CBR_REF.h265:2833.9096:85.06391351600412:43.61866491032001:0.976273721853892:0.9698371328942949
CSGO_1920x1080_60_2Mbps_CBR_REF.h265:1834.088:80.64522048538454:42.52666639765495:0.9658337026834488:0.9596074366412484
