CSGO_1920x1080_60_15Mbps_VBR_REF.h265:23046.513600000002:98.44651750115202:48.18497583323826:0.9978718652327856:0.995978090332496
CSGO_1920x1080_60_9Mbps_VBR_REF.h265:13364.381599999999:97.56631028442946:46.70482184012626:0.9961822351813316:0.9932737149213189
CSGO_1920x1080_60_6Mbps_VBR_REF.h265:8642.0848:95.85916583756456:45.63441708234264:0.9940457882483801:0.9902206376808732
CSGO_1920x1080_60_3Mbps_VBR_REF.h265:4095.7048000000004:90.13550425387602:43.64182200962912:0.9870902286966642:0.9815437484801661
CSGO_1920x1080_60_2Mbps_VBR_REF.h265:2649.9584:85.46029683963175:42.30480238778577:0.9801017512877782:0.9738786258227047
