DinnerScene_1920x1080_60_20Mbps_CBR_REF.h265:20604.4216:94.37597492855302:44.11390884382882:0.9969976969559987:0.9935231781226223
DinnerScene_1920x1080_60_15Mbps_CBR_REF.h265:15424.4216:94.19481917378019:44.0058789637247:0.9968265689412753:0.9932731872820938
DinnerScene_1920x1080_60_11Mbps_CBR_REF.h265:11246.9504:93.98381805864439:43.90131529296945:0.9966239163279533:0.9930052855475765
DinnerScene_1920x1080_60_7Mbps_CBR_REF.h265:7088.664:93.57775681420209:43.75284440323998:0.9962898528575898:0.9926014156430019
DinnerScene_1920x1080_60_3Mbps_CBR_REF.h265:2951.8511999999996:92.47209863620533:43.49777160776981:0.9955829996864001:0.9918730329052895
