DinnerScene_1920x1080_60_4Mbps_VBR_REF.h265:3941.9800000000005:91.51827541348366:43.34038830135054:0.9945821423331896:0.9910924488343967
DinnerScene_1920x1080_60_3Mbps_VBR_REF.h265:2926.5736:90.5037445167113:43.16371545545991:0.9937588768204053:0.9903753287574375
DinnerScene_1920x1080_60_2Mbps_VBR_REF.h265:1930.6336:88.99691696324604:42.88849068733751:0.992188864549001:0.9890559459448616
DinnerScene_1920x1080_60_1.5Mbps_VBR_REF.h265:1417.9543999999999:87.5099073000965:42.65512257492632:0.9906837963064512:0.9877698216515184
DinnerScene_1920x1080_60_1Mbps_VBR_REF.h265:902.868:85.35127374952803:42.26816214714426:0.9878715714812278:0.9853885256668402
