DinnerScene_1920x1080_60_20Mbps_VBR_REF.h265:20478.728:94.28850762710422:44.12711351111691:0.9969902474681537:0.9935345086758234
DinnerScene_1920x1080_60_15Mbps_VBR_REF.h265:15257.248800000001:94.03507434843804:43.98755387031276:0.996784883538882:0.9932301142841292
DinnerScene_1920x1080_60_11Mbps_VBR_REF.h265:11137.6:93.71252414394137:43.84632727995851:0.9965094913045566:0.9928704298300869
DinnerScene_1920x1080_60_7Mbps_VBR_REF.h265:7094.9216:93.07700275574025:43.66383666651964:0.9960322837034862:0.9923432050273402
DinnerScene_1920x1080_60_3Mbps_VBR_REF.h265:2979.7528:91.28780045559985:43.3185524142565:0.9947733544309934:0.9911685136772466
