DinnerScene_1920x1080_60_4Mbps_CBR_REF.h265:3882.5664:93.03497575922701:43.58150406823336:0.9956404842933019:0.9920160713508774
DinnerScene_1920x1080_60_3Mbps_CBR_REF.h265:2848.0688:92.44117763834797:43.45374024628767:0.9952565200130145:0.9916432256162253
DinnerScene_1920x1080_60_2Mbps_CBR_REF.h265:1846.9024:91.3886332853986:43.24856873313642:0.9944916720191638:0.990953599167106
DinnerScene_1920x1080_60_1.5Mbps_CBR_REF.h265:1318.1048:90.35667827379828:43.05709680095689:0.9936770332852999:0.9902349464466903
DinnerScene_1920x1080_60_1Mbps_CBR_REF.h265:805.76:88.24421131527086:42.6554237370608:0.9919363769888878:0.9887340590571031
