DOTA2_1920x1080_60_600_15Mbps_CBR_REF.h265:15070.944:97.95382053155033:43.91287618142952:0.9975610583027203:0.9956410914503881
DOTA2_1920x1080_60_600_9Mbps_CBR_REF.h265:9036.345600000002:96.69352486303777:42.25944532210893:0.9961220430334409:0.993377103406986
DOTA2_1920x1080_60_600_6Mbps_CBR_REF.h265:6001.8784000000005:95.24031274439253:40.97298724663069:0.994264218111833:0.990696554392108
DOTA2_1920x1080_60_600_3Mbps_CBR_REF.h265:2978.044:91.05185827674268:38.7067182283102:0.9882518873612086:0.9830519937692973
DOTA2_1920x1080_60_600_2Mbps_CBR_REF.h265:1982.6984000000002:86.96599790262759:37.32749708650259:0.9819337442517281:0.9759421469461025
