DOTA2_1920x1080_60_600_15Mbps_VBR_REF.h265:15119.452:97.597224:43.775507:0.996968:0.994986
DOTA2_1920x1080_60_600_9Mbps_VBR_REF.h265:9027.756800000001:96.109008:42.084343:0.995063:0.992309
DOTA2_1920x1080_60_600_6Mbps_VBR_REF.h265:5972.557599999999:94.299939:40.763393:0.992623:0.989144
DOTA2_1920x1080_60_600_3Mbps_VBR_REF.h265:2926.0632:89.494701:38.431827:0.985184:0.980287
DOTA2_1920x1080_60_600_2Mbps_VBR_REF.h265:1928.8512:85.133145:37.005943:0.977994:0.972353
