DOTA2_1920x1080_60_600_15Mbps_VBR_REF.h265:15119.452:97.60536700455671:43.77550681161229:0.9969673880934715:0.9949850299483376
DOTA2_1920x1080_60_600_9Mbps_VBR_REF.h265:9027.756800000001:96.11941883892713:42.08434347193827:0.9950630045930544:0.9923080927126057
DOTA2_1920x1080_60_600_6Mbps_VBR_REF.h265:5972.557599999999:94.31113034889937:40.76339282787678:0.9926224907239278:0.9891418596824844
DOTA2_1920x1080_60_600_3Mbps_VBR_REF.h265:2926.0632:89.50773487479098:38.43182659497293:0.9851831258336703:0.9802841343056391
DOTA2_1920x1080_60_600_2Mbps_VBR_REF.h265:1928.8512:85.1489720328375:37.00594291636435:0.9779929288228353:0.972349835879681
