FoodMarket2NF_1280x720_60_7.5Mbps_CBR_REF.h265:7274.6672:99.5126815628152:40.65805461054207:0.9968751927216848:0.9960954130280354
FoodMarket2NF_1280x720_60_4.5Mbps_CBR_REF.h265:4372.0208:98.88364924065056:38.42291042797027:0.9939645181099573:0.9928971316856361
FoodMarket2NF_1280x720_60_3Mbps_CBR_REF.h265:2916.3424:97.4898578822495:36.57269830455875:0.9897591531276703:0.9885423617347135
FoodMarket2NF_1280x720_60_1.5Mbps_CBR_REF.h265:1465.144:89.61204447404148:33.43842069309374:0.9755425649881363:0.9748922962513933
FoodMarket2NF_1280x720_60_1Mbps_CBR_REF.h265:977.8896:82.48443896531927:31.67959202689461:0.9611145720879237:0.9617404880095207
