FoodMarket2NF_1280x720_60_7.5Mbps_VBR_REF.h265:6809.564800000001:98.85520389537822:40.26324046181715:0.9955294034878412:0.994962687397596
FoodMarket2NF_1280x720_60_4.5Mbps_VBR_REF.h265:3962.2735999999995:97.50328202502725:37.95817353610755:0.9915547283490499:0.9908922898761477
FoodMarket2NF_1280x720_60_3Mbps_VBR_REF.h265:2601.2192:95.41247965859985:36.1230431695957:0.9862694962819417:0.9857117865607788
FoodMarket2NF_1280x720_60_1.5Mbps_VBR_REF.h265:1259.1216000000002:86.59713257125328:32.88249207129807:0.9688295175631841:0.9694132980679709
FoodMarket2NF_1280x720_60_1Mbps_VBR_REF.h265:812.2:78.26221085792281:30.98583359820345:0.9498024374246598:0.9525016593370843
