GTAV_1920x1080_60_600_15Mbps_VBR_REF.h265:15953.964800000002:92.57192863595067:35.60821835923213:0.9814003176490466:0.9710611668627134
GTAV_1920x1080_60_600_9Mbps_VBR_REF.h265:9555.0864:86.30124751658118:34.00886922050321:0.968877435127894:0.9555655419894235
GTAV_1920x1080_60_600_6Mbps_VBR_REF.h265:6369.6392000000005:80.30099423352881:32.86073326450035:0.9548741146922112:0.9398194974424746
GTAV_1920x1080_60_600_3Mbps_VBR_REF.h265:3190.288:68.42593875317104:31.06195573761271:0.9212212758262952:0.9055970577738041
GTAV_1920x1080_60_600_2Mbps_VBR_REF.h265:2134.336:60.97808601456649:30.09095450407991:0.895847396949927:0.881721554570279
