GTAV_1920x1080_60_600_15Mbps_VBR_REF.h265:15953.964800000002:92.557034:35.608218:0.981551:0.971202
GTAV_1920x1080_60_600_9Mbps_VBR_REF.h265:9555.0864:86.279443:34.008869:0.969031:0.955709
GTAV_1920x1080_60_600_6Mbps_VBR_REF.h265:6369.6392000000005:80.273935:32.860733:0.955029:0.939964
GTAV_1920x1080_60_600_3Mbps_VBR_REF.h265:3190.288:68.391858:31.061956:0.921382:0.905746
GTAV_1920x1080_60_600_2Mbps_VBR_REF.h265:2134.336:60.940915:30.090955:0.896009:0.881873
