GTAV_1920x1080_60_600_15Mbps_CBR_REF.h265:14783.2176:92.50357523457326:35.62200834264452:0.9811958654721578:0.9705372499986256
GTAV_1920x1080_60_600_9Mbps_CBR_REF.h265:8875.811200000002:86.2076919459917:34.05853480842922:0.9684665561715762:0.954870421080214
GTAV_1920x1080_60_600_6Mbps_CBR_REF.h265:5919.0608:80.22990698104125:32.91828551629656:0.9542000350356102:0.9389424845644051
GTAV_1920x1080_60_600_3Mbps_CBR_REF.h265:2989.2112:68.73283374942618:31.1648614781806:0.9211451015869776:0.9054892002321537
GTAV_1920x1080_60_600_2Mbps_CBR_REF.h265:2009.1024000000002:61.57070289267145:30.21295556344881:0.8963291944066684:0.8821352834315436
