Hearthstone_1920x1080_60_15Mbps_CBR_REF.h265:14630.284:97.57914394529112:50.47999234661616:0.9995275894800822:0.999165866887206
Hearthstone_1920x1080_60_9Mbps_CBR_REF.h265:8545.251199999999:97.22585098931081:48.70671773045553:0.9992839994033178:0.9988139385656198
Hearthstone_1920x1080_60_6Mbps_CBR_REF.h265:5577.8296:96.74018497836647:47.00703054917484:0.9989658290147782:0.9983704001548019
Hearthstone_1920x1080_60_3Mbps_CBR_REF.h265:2747.5063999999998:95.03804668845282:43.54602057490938:0.9977182620763778:0.9967586849418728
Hearthstone_1920x1080_60_2Mbps_CBR_REF.h265:1827.2736:93.20836861669808:41.40483916838339:0.9962692273656527:0.9949603933602535
