Hearthstone_1920x1080_60_15Mbps_VBR_REF.h265:13715.659200000002:97.40036383508503:50.00326776484972:0.9993469316760699:0.9989404179683443
Hearthstone_1920x1080_60_9Mbps_VBR_REF.h265:8161.2928:96.90809230522056:48.11454882271655:0.9989320793747902:0.9983829279635029
Hearthstone_1920x1080_60_6Mbps_VBR_REF.h265:5455.372800000001:96.23028087336365:46.50277249919987:0.9984198606014252:0.9977190389418766
Hearthstone_1920x1080_60_3Mbps_VBR_REF.h265:2688.9231999999997:93.85978324886275:43.02714472700057:0.9964396419127782:0.9952631871659717
Hearthstone_1920x1080_60_2Mbps_VBR_REF.h265:1745.0048000000002:91.26715932786304:40.6762295006633:0.9939767986536026:0.9923165555446186
