Kimono1_1280x720_24_7.5Mbps_CBR_REF.h265:7325.359199999999:99.41777999899783:44.77544235072754:0.9972943596541881:0.9966280951150692
Kimono1_1280x720_24_4.5Mbps_CBR_REF.h265:4381.6136:98.69400502616242:43.3501089046254:0.9955032137533029:0.994974326159914
Kimono1_1280x720_24_3Mbps_CBR_REF.h265:2921.276:96.99752235885634:42.03202559468126:0.9929358124732971:0.992738426444243
Kimono1_1280x720_24_1.5Mbps_CBR_REF.h265:1453.788:90.74372275670338:39.38529362322974:0.9836415487031142:0.9850263260395671
Kimono1_1280x720_24_1Mbps_CBR_REF.h265:958.8408:85.18335134611495:37.75462848992878:0.9736596894760926:0.9770360545407478
