Kimono1_1920x1080_24_15Mbps_CBR_REF.h265:14589.352799999999:99.2125671231784:43.06598813625915:0.9976617785791556:0.9945610149625668
Kimono1_1920x1080_24_9Mbps_CBR_REF.h265:8792.7536:98.69122840063315:42.40390253113628:0.9967854010562102:0.9933544915240576
Kimono1_1920x1080_24_6Mbps_CBR_REF.h265:5862.5368:97.5635201457074:41.78253818420138:0.9955450671414534:0.9918941132605069
Kimono1_1920x1080_24_3Mbps_CBR_REF.h265:2905.6616:92.27521443278896:40.20378297445266:0.9906393711765608:0.9866800715775823
Kimono1_1920x1080_24_2Mbps_CBR_REF.h265:1843.028:86.18355794321938:38.70464223709374:0.9837979301810265:0.979714075597639
