Kimono1_1920x1080_24_15Mbps_VBR_REF.h265:14075.344799999999:98.70284207236055:42.88766824880859:0.9971661667029063:0.9940281848895005
Kimono1_1920x1080_24_9Mbps_VBR_REF.h265:7858.496799999999:97.49621707661969:42.0819108591409:0.9957656395932039:0.9923074951947046
Kimono1_1920x1080_24_6Mbps_VBR_REF.h265:5043.606400000001:95.56998322283592:41.34289673988997:0.9936354907850424:0.9900357773766071
Kimono1_1920x1080_24_3Mbps_VBR_REF.h265:2373.62:89.28598133434812:39.61126112180482:0.9860690057277679:0.9825361059617632
Kimono1_1920x1080_24_2Mbps_VBR_REF.h265:1555.7536:83.71272580512075:38.34038732056526:0.9775119975209237:0.9745520183254428
