Kimono1_1280x720_24_7.5Mbps_VBR_REF.h265:6494.1776:99.023753:44.387192:0.996703:0.996125
Kimono1_1280x720_24_4.5Mbps_VBR_REF.h265:3684.9048000000003:97.838845:42.870006:0.994532:0.994164
Kimono1_1280x720_24_3Mbps_VBR_REF.h265:2388.8384:95.668154:41.453503:0.991347:0.991414
Kimono1_1280x720_24_1.5Mbps_VBR_REF.h265:1163.3048000000001:88.958074:38.768326:0.980748:0.982646
Kimono1_1280x720_24_1Mbps_VBR_REF.h265:772.6311999999999:83.371411:37.19051:0.97024:0.974211
