Kimono1_1280x720_24_7.5Mbps_VBR_REF.h265:6494.1776:99.02602953163267:44.38719248681571:0.9966898409028848:0.9961027147786718
Kimono1_1280x720_24_4.5Mbps_VBR_REF.h265:3684.9048000000003:97.84425449482403:42.87000587092557:0.9945178975661596:0.9941409388578867
Kimono1_1280x720_24_3Mbps_VBR_REF.h265:2388.8384:95.67741762973898:41.45350313275899:0.9913315554459889:0.9913910220284181
Kimono1_1280x720_24_1.5Mbps_VBR_REF.h265:1163.3048000000001:88.97559947035593:38.76832620090304:0.9807244641085465:0.9826206570814272
Kimono1_1280x720_24_1Mbps_VBR_REF.h265:772.6311999999999:83.394074045365:37.19050953106147:0.9702162154018878:0.974185504463361
