MINECRAFT_1920x1080_60_600_15Mbps_CBR_REF.h265:15528.16:95.343352494968:35.26458721636388:0.9863363468647003:0.9786779957582655
MINECRAFT_1920x1080_60_600_9Mbps_CBR_REF.h265:9078.2744:88.95835514806346:33.2638562667024:0.9759985097249348:0.9651528839913137
MINECRAFT_1920x1080_60_600_6Mbps_CBR_REF.h265:5967.473599999999:81.34126919570204:31.87087249540698:0.9632037748893102:0.9501873730087654
MINECRAFT_1920x1080_60_600_3Mbps_CBR_REF.h265:2974.4936000000002:65.97291157920505:29.8611060789674:0.9283453319470087:0.9145901856192268
MINECRAFT_1920x1080_60_600_2Mbps_CBR_REF.h265:1979.2680000000003:56.54655198594124:28.85620902603344:0.8977726356188456:0.8865741151559725
