MINECRAFT_1920x1080_60_600_15Mbps_VBR_REF.h265:15589.3872:95.1638911207901:35.12767879875576:0.9859735538562139:0.9783979931098149
MINECRAFT_1920x1080_60_600_9Mbps_VBR_REF.h265:9074.016800000001:88.56973043323468:33.16561994171196:0.9754246016343434:0.9647415630722715
MINECRAFT_1920x1080_60_600_6Mbps_VBR_REF.h265:5928.792:80.96862355132482:31.79633052381811:0.9624034821987152:0.9494840235669282
MINECRAFT_1920x1080_60_600_3Mbps_VBR_REF.h265:2880.3264000000004:65.44398665329686:29.79610517707627:0.9265232440829277:0.9128793606441805
MINECRAFT_1920x1080_60_600_2Mbps_VBR_REF.h265:1891.1727999999998:56.0559144758292:28.79678040920015:0.8959638860821724:0.8848707485587207
