MrFox_BlueBird_1920x1080_30_15Mbps_VBR_REF.h265:8311.7176:97.548535:53.555571:0.999267:0.998882
MrFox_BlueBird_1920x1080_30_9Mbps_VBR_REF.h265:5111.68:96.687281:50.719867:0.998284:0.997696
MrFox_BlueBird_1920x1080_30_6Mbps_VBR_REF.h265:3521.2664:95.646386:48.626984:0.996961:0.996182
MrFox_BlueBird_1920x1080_30_3Mbps_VBR_REF.h265:1802.0112:92.150165:44.922398:0.992151:0.991175
MrFox_BlueBird_1920x1080_30_2Mbps_VBR_REF.h265:1179.748:88.017207:42.64777:0.986784:0.985906
