MrFox_BlueBird_1920x1080_30_15Mbps_CBR_REF.h265:11422.4872:97.96180737947338:55.07199905696438:0.9995506330331166:0.9992671093935648
MrFox_BlueBird_1920x1080_30_9Mbps_CBR_REF.h265:7221.684:97.66986347275773:53.02918317899047:0.9991962019602457:0.9987423231220283
MrFox_BlueBird_1920x1080_30_6Mbps_CBR_REF.h265:4935.7816:97.19202368297447:50.42656890633297:0.9985579252243042:0.9978884472919329
MrFox_BlueBird_1920x1080_30_3Mbps_CBR_REF.h265:2678.064:95.61227170591391:46.91723007431209:0.9963432194789251:0.9952674889470181
MrFox_BlueBird_1920x1080_30_2Mbps_CBR_REF.h265:1813.6248:93.31396781881516:44.84828600276856:0.9935992578665416:0.9923750693481433
