MrFox_BlueBird_1920x1080_30_15Mbps_VBR_REF.h265:8311.7176:97.56659253493345:53.55557106293877:0.9990881564219792:0.9986651668177192
MrFox_BlueBird_1920x1080_30_9Mbps_VBR_REF.h265:5111.68:96.70578413740677:50.71986718801443:0.998101135691007:0.9974725562661612
MrFox_BlueBird_1920x1080_30_6Mbps_VBR_REF.h265:3521.2664:95.66426626727217:48.62698430918584:0.9967720858256022:0.9959481714395836
MrFox_BlueBird_1920x1080_30_3Mbps_VBR_REF.h265:1802.0112:92.1715271729738:44.92239845376847:0.9919323947032292:0.9909076290232484
MrFox_BlueBird_1920x1080_30_2Mbps_VBR_REF.h265:1179.748:88.04488981935309:42.64777009549283:0.9865388906002045:0.9856094748038534
