ParkScene_1280x720_24_7.5Mbps_VBR_REF.h265:6822.9295999999995:97.77476005702705:42.16722017386307:0.99629323904713:0.9956595866262546
ParkScene_1280x720_24_4.5Mbps_VBR_REF.h265:4038.96:96.07928792012795:40.32782117949203:0.9942635563512643:0.9935071006489881
ParkScene_1280x720_24_3Mbps_VBR_REF.h265:2677.5632:94.02895421950221:38.82116170756746:0.9915326831241449:0.9907048340236738
ParkScene_1280x720_24_1.5Mbps_VBR_REF.h265:1321.0944:88.34359694050083:36.13906900566917:0.9826246914764245:0.9819534680623487
ParkScene_1280x720_24_1Mbps_VBR_REF.h265:878.0:83.46065645257198:34.64434522612387:0.9742034666240216:0.9740024467570209
