ParkScene_1280x720_24_7.5Mbps_CBR_REF.h265:7337.272:98.20850466121676:42.47139855820305:0.9966350980103016:0.9959809839464209
ParkScene_1280x720_24_4.5Mbps_CBR_REF.h265:4399.215200000001:96.66185878879719:40.65349973710804:0.99480622112751:0.9940166410853434
ParkScene_1280x720_24_3Mbps_CBR_REF.h265:2923.18:94.71571255252265:39.1003559259841:0.9922408041854699:0.9913464210749311
ParkScene_1280x720_24_1.5Mbps_CBR_REF.h265:1459.9392000000003:89.32554708769585:36.3876868509831:0.9841310312350591:0.9832694920750173
ParkScene_1280x720_24_1Mbps_CBR_REF.h265:974.9368000000001:84.35503782811553:34.791675283117:0.9757664506634076:0.9752379704497458
