park_joy_1920x1080_500_50_35Mbps_CBR_REF.h265:34452.323200000006:98.47895304944022:34.14866620918647:0.9928318878412247:0.985998884866842
park_joy_1920x1080_500_50_30Mbps_CBR_REF.h265:29531.2224:97.47926162259658:33.46747598435259:0.9913580045700073:0.983599499073092
park_joy_1920x1080_500_50_25Mbps_CBR_REF.h265:24590.6976:95.89430763964211:32.69399017959517:0.9893442846536636:0.9803841674190237
park_joy_1920x1080_500_50_20Mbps_CBR_REF.h265:19652.8:93.38197778797165:31.78888002916944:0.986251723408699:0.9756307613070071
park_joy_1920x1080_500_50_15Mbps_CBR_REF.h265:14750.5136:89.30088706469326:30.68210781159809:0.9813260143995285:0.9682060308242941
