ParkScene_1280x720_24_7.5Mbps_VBR_REF.h265:6822.9295999999995:97.772648:42.16722:0.996293:0.99566
ParkScene_1280x720_24_4.5Mbps_VBR_REF.h265:4038.96:96.07498:40.327821:0.994264:0.993508
ParkScene_1280x720_24_3Mbps_VBR_REF.h265:2677.5632:94.02277:38.821162:0.991533:0.990705
ParkScene_1280x720_24_1.5Mbps_VBR_REF.h265:1321.0944:88.331534:36.139069:0.982625:0.981954
ParkScene_1280x720_24_1Mbps_VBR_REF.h265:878.0:83.444985:34.644345:0.974204:0.974003
