park_joy_1280x720_50_15Mbps_VBR_REF.h265:14242.096:96.14426363978336:32.50440521152337:0.986334048986435:0.9846692051999257
park_joy_1280x720_50_12Mbps_VBR_REF.h265:11406.947199999999:93.85276795007755:31.48138174525457:0.9822054719924926:0.9803808706246993
park_joy_1280x720_50_10Mbps_VBR_REF.h265:9495.974400000001:91.51521740812396:30.68657872090869:0.9781810696125031:0.9762432396281071
park_joy_1280x720_50_8Mbps_VBR_REF.h265:7584.627199999999:88.13201283248974:29.76051438804916:0.9720242737531662:0.9700447138998098
park_joy_1280x720_50_6Mbps_VBR_REF.h265:5684.3512:83.34928426510861:28.6516106738184:0.9627207841873169:0.9608059891064124
