park_joy_1280x720_50_15Mbps_CBR_REF.h265:14774.0744:96.483172:32.709808:0.986892:0.985233
park_joy_1280x720_50_12Mbps_CBR_REF.h265:11812.1104:94.273821:31.674804:0.982866:0.981033
park_joy_1280x720_50_10Mbps_CBR_REF.h265:9836.504:92.026322:30.879611:0.978965:0.977033
park_joy_1280x720_50_8Mbps_CBR_REF.h265:7866.6056:88.742909:29.95518:0.973063:0.971034
park_joy_1280x720_50_6Mbps_CBR_REF.h265:5896.1576:84.048619:28.839918:0.963928:0.961972
