ParkScene_1280x720_24_7.5Mbps_CBR_REF.h265:7337.272:98.206038:42.471399:0.996635:0.995981
ParkScene_1280x720_24_4.5Mbps_CBR_REF.h265:4399.215200000001:96.657729:40.6535:0.994806:0.994017
ParkScene_1280x720_24_3Mbps_CBR_REF.h265:2923.18:94.710748:39.100356:0.992241:0.991347
ParkScene_1280x720_24_1.5Mbps_CBR_REF.h265:1459.9392000000003:89.313988:36.387687:0.984131:0.98327
ParkScene_1280x720_24_1Mbps_CBR_REF.h265:974.9368000000001:84.339779:34.791675:0.975767:0.975239
