park_joy_1920x1080_500_50_35Mbps_VBR_REF.h265:33424.2072:98.10420158772065:33.98004370713581:0.9924757939577102:0.9855295027924915
park_joy_1920x1080_500_50_30Mbps_VBR_REF.h265:28635.288:97.11037085858119:33.29600310803392:0.9909524766206741:0.9830616331774704
park_joy_1920x1080_500_50_25Mbps_VBR_REF.h265:23882.324:95.41502026604138:32.51892081727503:0.9888281142711639:0.9797124176107348
park_joy_1920x1080_500_50_20Mbps_VBR_REF.h265:19100.6592:92.74986974474585:31.61618838183736:0.9855511320829391:0.974798470843733
park_joy_1920x1080_500_50_15Mbps_VBR_REF.h265:14328.377600000002:88.54509971934759:30.50903448441468:0.9804072270393371:0.9671499953897436
