park_joy_1920x1080_500_50_35Mbps_VBR_REF.h265:33424.2072:98.098315:33.980044:0.992476:0.98553
park_joy_1920x1080_500_50_30Mbps_VBR_REF.h265:28635.288:97.100712:33.296003:0.990953:0.983062
park_joy_1920x1080_500_50_25Mbps_VBR_REF.h265:23882.324:95.402297:32.518921:0.988828:0.979713
park_joy_1920x1080_500_50_20Mbps_VBR_REF.h265:19100.6592:92.7335:31.616188:0.985551:0.974799
park_joy_1920x1080_500_50_15Mbps_VBR_REF.h265:14328.377600000002:88.523479:30.509034:0.980407:0.96715
