park_joy_1280x720_50_15Mbps_CBR_REF.h265:14774.0744:96.4956194368582:32.70980769843232:0.9868920569419861:0.9852327407772756
park_joy_1280x720_50_12Mbps_CBR_REF.h265:11812.1104:94.29056566328256:31.67480353695883:0.9828661869764328:0.9810327251154026
park_joy_1280x720_50_10Mbps_CBR_REF.h265:9836.504:92.0466613438573:30.87961054707735:0.9789645174741745:0.977033098072769
park_joy_1280x720_50_8Mbps_CBR_REF.h265:7866.6056:88.7673446771933:29.95518040917146:0.9730627244710922:0.971033839470669
park_joy_1280x720_50_6Mbps_CBR_REF.h265:5896.1576:84.07750810398686:28.8399177302736:0.9639281222820282:0.9619714662018792
