PierSeasideNF_1280x720_60_7.5Mbps_CBR_REF.h265:7791.3376:98.70832687707254:44.31286206337149:0.9958827331662178:0.995563445793717
PierSeasideNF_1280x720_60_4.5Mbps_CBR_REF.h265:4675.7768:98.10238234588017:43.09631706917193:0.9942429573337237:0.9939060654848308
PierSeasideNF_1280x720_60_3Mbps_CBR_REF.h265:3120.3024:97.33724745289469:42.13745961218672:0.9924058926105499:0.9921177603308856
PierSeasideNF_1280x720_60_1.5Mbps_CBR_REF.h265:1560.2343999999998:95.2110750644353:40.44767796939959:0.9876819670200347:0.9877317488318503
PierSeasideNF_1280x720_60_1Mbps_CBR_REF.h265:1041.0991999999999:93.3537527840694:39.39418314935764:0.9836657995978991:0.9841303905775931
