PierSeasideNF_1280x720_60_7.5Mbps_VBR_REF.h265:8577.9984:98.6888535214633:44.49498240602168:0.9960543281833331:0.9957461291922436
PierSeasideNF_1280x720_60_4.5Mbps_VBR_REF.h265:5097.0784:98.05973688159035:43.19773557535314:0.9944269867738088:0.9941088480867505
PierSeasideNF_1280x720_60_3Mbps_VBR_REF.h265:3376.3808000000004:97.24527096898849:42.16907095475737:0.9926472029089928:0.9923717634317984
PierSeasideNF_1280x720_60_1.5Mbps_VBR_REF.h265:1665.1168:94.90773805457216:40.33828232831595:0.987975035905838:0.987985779960282
PierSeasideNF_1280x720_60_1Mbps_VBR_REF.h265:1098.9104:92.79955233404706:39.19255739479456:0.9840239896376928:0.9843294748228707
