PierSeasideNF_1280x720_60_7.5Mbps_CBR_REF.h265:7791.3376:98.690922:44.312862:0.996261:0.995813
PierSeasideNF_1280x720_60_4.5Mbps_CBR_REF.h265:4675.7768:98.082607:43.096317:0.994642:0.994168
PierSeasideNF_1280x720_60_3Mbps_CBR_REF.h265:3120.3024:97.314874:42.13746:0.992818:0.992389
PierSeasideNF_1280x720_60_1.5Mbps_CBR_REF.h265:1560.2343999999998:95.18405:40.447678:0.988122:0.98802
PierSeasideNF_1280x720_60_1Mbps_CBR_REF.h265:1041.0991999999999:93.323041:39.394183:0.984128:0.984431
