PierSeasideNF_1280x720_60_7.5Mbps_VBR_REF.h265:8577.9984:98.672861:44.494982:0.996435:0.995997
PierSeasideNF_1280x720_60_4.5Mbps_VBR_REF.h265:5097.0784:98.039007:43.197736:0.994821:0.994369
PierSeasideNF_1280x720_60_3Mbps_VBR_REF.h265:3376.3808000000004:97.222636:42.169071:0.99306:0.992643
PierSeasideNF_1280x720_60_1.5Mbps_VBR_REF.h265:1665.1168:94.877871:40.338282:0.988424:0.98828
PierSeasideNF_1280x720_60_1Mbps_VBR_REF.h265:1098.9104:92.767099:39.192557:0.98449:0.984632
