RedKayak_1920x1080_30_15Mbps_CBR_REF.h265:14879.110736842105:97.5822393654804:41.54700601243089:0.991598564804646:0.9873562116081596
RedKayak_1920x1080_30_9Mbps_CBR_REF.h265:8924.298947368421:91.93586946367273:39.58608434780452:0.9844415799567574:0.9793595603595726
RedKayak_1920x1080_30_6Mbps_CBR_REF.h265:5953.104842105263:85.45391387147185:38.13589312232012:0.9759418183251432:0.9705403198498337
RedKayak_1920x1080_30_3Mbps_CBR_REF.h265:2970.828210526316:71.42630677656987:35.74868592302781:0.9539034464903046:0.949074961040302
RedKayak_1920x1080_30_2Mbps_CBR_REF.h265:1973.1877894736842:62.14161810990328:34.42903077488697:0.9366244983254818:0.9330553534292181
