RedKayak_1920x1080_30_15Mbps_VBR_REF.h265:11914.036631578949:95.46483973480521:40.59748488605707:0.988516293596803:0.9839689020536051
RedKayak_1920x1080_30_9Mbps_VBR_REF.h265:7145.010105263159:88.21866186971222:38.66500596471219:0.979574564779014:0.9745187188816054
RedKayak_1920x1080_30_6Mbps_VBR_REF.h265:4827.90147368421:80.90537940387188:37.23777734757213:0.9697056881168432:0.964647677112605
RedKayak_1920x1080_30_3Mbps_VBR_REF.h265:2503.892210526316:66.40140071186526:34.96613241688851:0.9467536929406618:0.9427477526341617
RedKayak_1920x1080_30_2Mbps_VBR_REF.h265:1712.2227368421052:57.25530788283042:33.72063499166415:0.9292671729598129:0.926652054564925
