RushFieldCuts_1920x1080_30_15Mbps_CBR_REF.h265:14836.612631578946:97.11079761469355:39.35122346539961:0.9946821613269939:0.9902807475870793
RushFieldCuts_1920x1080_30_9Mbps_CBR_REF.h265:8912.590315789474:94.5856723368102:37.93299725888492:0.99138613071358:0.9861693864276254
RushFieldCuts_1920x1080_30_6Mbps_CBR_REF.h265:5944.144842105263:90.94232717074196:36.74558069965852:0.9867788025161677:0.9810059839153963
RushFieldCuts_1920x1080_30_3Mbps_CBR_REF.h265:2976.4825263157895:80.05417710092352:34.40222865724373:0.9721978190698122:0.9660171927464394
RushFieldCuts_1920x1080_30_2Mbps_CBR_REF.h265:1986.4416842105265:71.06155296025467:32.87347641555834:0.9582797159228409:0.9523754952292465
