RushFieldCuts_1920x1080_30_15Mbps_CBR_REF.h265:14836.612631578946:97.103144:39.351223:0.994685:0.990286
RushFieldCuts_1920x1080_30_9Mbps_CBR_REF.h265:8912.590315789474:94.574298:37.932997:0.991389:0.986175
RushFieldCuts_1920x1080_30_6Mbps_CBR_REF.h265:5944.144842105263:90.926455:36.745581:0.986782:0.981011
RushFieldCuts_1920x1080_30_3Mbps_CBR_REF.h265:2976.4825263157895:80.028165:34.402229:0.972201:0.966024
RushFieldCuts_1920x1080_30_2Mbps_CBR_REF.h265:1986.4416842105265:71.029599:32.873476:0.958284:0.952385
