RushFieldCuts_1920x1080_30_15Mbps_VBR_REF.h265:12554.555789473685:96.40812146206252:38.87596973085917:0.9939247134484743:0.989429751585844
RushFieldCuts_1920x1080_30_9Mbps_VBR_REF.h265:7622.919578947369:93.12059330468901:37.44360577383291:0.9901031929149963:0.984873600367256
RushFieldCuts_1920x1080_30_6Mbps_VBR_REF.h265:5151.757894736842:88.86754934129601:36.23424904569177:0.9850120637500496:0.979322968242932
RushFieldCuts_1920x1080_30_3Mbps_VBR_REF.h265:2671.3128421052634:77.46955689532581:33.91882967031145:0.9695392989275748:0.9637420575272927
RushFieldCuts_1920x1080_30_2Mbps_VBR_REF.h265:1808.3246315789474:68.39046132579229:32.40926237325011:0.9548353170093737:0.9495903634367172
