Sintel_trailer_o537n480_1920x1080_24_9Mbps_CBR_REF.h265:8798.0788:99.29993066839667:55.25351026571649:0.9995455734431744:0.999293230022323
Sintel_trailer_o537n480_1920x1080_24_6Mbps_CBR_REF.h265:5873.920800000001:99.19951649840672:54.00541579017194:0.9993070840835572:0.9989994053738269
Sintel_trailer_o537n480_1920x1080_24_2Mbps_CBR_REF.h265:1974.7907999999998:97.98776758459773:50.51816508708459:0.9976964124788841:0.9972545976450373
Sintel_trailer_o537n480_1920x1080_24_1Mbps_CBR_REF.h265:988.0944:95.05608569688339:48.0096954745155:0.9948250255237023:0.994487966689839
Sintel_trailer_o537n480_1920x1080_24_0.5Mbps_CBR_REF.h265:489.9936:88.15455131997818:45.00598275245483:0.9881445046514272:0.9885524537149867
