Sintel_trailer_o537n480_1920x1080_24_9Mbps_VBR_REF.h265:7440.68:99.13916980903575:54.69627394621178:0.9993620480100314:0.9990974769562802
Sintel_trailer_o537n480_1920x1080_24_6Mbps_VBR_REF.h265:4824.7656:98.88523975803267:53.37557763430998:0.9989923679580291:0.9986823321760387
Sintel_trailer_o537n480_1920x1080_24_2Mbps_VBR_REF.h265:1499.9048:96.6385301537194:49.64664787797535:0.9965047676116228:0.996184346395726
Sintel_trailer_o537n480_1920x1080_24_1Mbps_VBR_REF.h265:731.9427999999999:92.7529399104788:46.91579700249939:0.9924045001467069:0.9923628731415516
Sintel_trailer_o537n480_1920x1080_24_0.5Mbps_VBR_REF.h265:354.75640000000004:83.83884936369779:43.46043633797523:0.9827406878272692:0.983877768859194
