Sintel_trailer_o537n480_1920x1080_24_9Mbps_VBR_REF.h265:7440.68:99.124672:54.696274:0.999441:0.999206
Sintel_trailer_o537n480_1920x1080_24_6Mbps_VBR_REF.h265:4824.7656:98.866803:53.375578:0.999074:0.998796
Sintel_trailer_o537n480_1920x1080_24_2Mbps_VBR_REF.h265:1499.9048:96.610502:49.646648:0.996604:0.996319
Sintel_trailer_o537n480_1920x1080_24_1Mbps_VBR_REF.h265:731.9427999999999:92.695543:46.915797:0.99252:0.992511
Sintel_trailer_o537n480_1920x1080_24_0.5Mbps_VBR_REF.h265:354.75640000000004:83.745108:43.460436:0.982871:0.984039
