TangoNF_1280x720_60_7.5Mbps_VBR_REF.h265:7239.9053061224495:98.77532702901172:42.93292738212779:0.9948153613375968:0.9943337797752833
TangoNF_1280x720_60_4.5Mbps_VBR_REF.h265:4325.1526530612255:96.33350338173008:41.11523396196339:0.990952460944247:0.9909682575537845
TangoNF_1280x720_60_3Mbps_VBR_REF.h265:2879.2767346938776:92.50292610796576:39.4613146287381:0.9856696587030579:0.9865603588104874
TangoNF_1280x720_60_1.5Mbps_VBR_REF.h265:1444.4:81.47846188198498:36.41891305959152:0.9690542547475725:0.9732664934656339
TangoNF_1280x720_60_1Mbps_VBR_REF.h265:952.3755102040817:71.70303379072217:34.53424107634517:0.9523035196625457:0.96018262081953
