TangoNF_1280x720_60_7.5Mbps_CBR_REF.h265:7380.682448979592:99.51103383139176:43.15388789542114:0.9954490649456881:0.994861225305339
TangoNF_1280x720_60_4.5Mbps_CBR_REF.h265:4423.255510204082:97.42844941990269:41.32635621368049:0.9920815053034802:0.9918635560685046
TangoNF_1280x720_60_3Mbps_CBR_REF.h265:2955.854693877551:93.8963335803652:39.67373701856678:0.9873959034884057:0.9879042213297514
TangoNF_1280x720_60_1.5Mbps_CBR_REF.h265:1482.9632653061226:82.85030941723464:36.61300268103037:0.9721601923712256:0.9756585136278194
TangoNF_1280x720_60_1Mbps_CBR_REF.h265:989.9510204081632:73.2304305989205:34.75258166999861:0.9565149790981189:0.9634466308440613
