touchdown_pass_1280x720_30_7.5Mbps_VBR_REF.h265:7007.472421052631:99.0547773492551:42.71251404016705:0.9947565658050671:0.9936631347919551
touchdown_pass_1280x720_30_4.5Mbps_VBR_REF.h265:4234.302315789474:98.463269764423:41.66348553375632:0.9930148919423422:0.9919235584161095
touchdown_pass_1280x720_30_3Mbps_VBR_REF.h265:2883.570947368421:97.47612188649073:40.76139051514024:0.9907189038761876:0.9897365696502962
touchdown_pass_1280x720_30_1.5Mbps_VBR_REF.h265:1472.0151578947368:92.86723182648792:38.89160084182023:0.9828164322334424:0.9825853435176449
touchdown_pass_1280x720_30_1Mbps_VBR_REF.h265:993.2185263157895:87.78677831821221:37.60885050209209:0.9736326023152:0.9745656904364837
