touchdown_pass_1280x720_30_7.5Mbps_CBR_REF.h265:7444.662736842105:99.21886142581046:42.87543466908348:0.9951140037754126:0.9939629225217704
touchdown_pass_1280x720_30_4.5Mbps_CBR_REF.h265:4454.810105263157:98.6898224925007:41.82726411034828:0.9933898472995089:0.992183981291417
touchdown_pass_1280x720_30_3Mbps_CBR_REF.h265:2974.7532631578943:97.8765922493947:40.92969660844145:0.9911556648580652:0.9899801643264858
touchdown_pass_1280x720_30_1.5Mbps_CBR_REF.h265:1490.3755789473682:93.80619691846049:38.99579996323842:0.9827860228848039:0.982265627278
touchdown_pass_1280x720_30_1Mbps_CBR_REF.h265:992.1953684210525:88.82233546262941:37.73285622939498:0.9734732268149393:0.9742504661337267
