touchdown_pass_1280x720_30_7.5Mbps_VBR_REF.h265:7007.472421052631:99.050322:42.712514:0.994757:0.993663
touchdown_pass_1280x720_30_4.5Mbps_VBR_REF.h265:4234.302315789474:98.456014:41.663486:0.993015:0.991924
touchdown_pass_1280x720_30_3Mbps_VBR_REF.h265:2883.570947368421:97.465533:40.761391:0.990719:0.989737
touchdown_pass_1280x720_30_1.5Mbps_VBR_REF.h265:1472.0151578947368:92.845426:38.891601:0.982816:0.982586
touchdown_pass_1280x720_30_1Mbps_VBR_REF.h265:993.2185263157895:87.759317:37.608851:0.973633:0.974566
