WITCHER3_1920x1080_60_15Mbps_CBR_REF.h265:15660.6816:92.555976362264:37.81394309421341:0.9843731494744619:0.9752830772590432
WITCHER3_1920x1080_60_9Mbps_CBR_REF.h265:9393.5344:89.01218781753929:36.68040700975877:0.9769204571843147:0.9658900670783339
WITCHER3_1920x1080_60_6Mbps_CBR_REF.h265:6252.1808:85.56352446187466:35.90655259177441:0.9692509083946546:0.9571230391787443
WITCHER3_1920x1080_60_3Mbps_CBR_REF.h265:3114.7208:78.76846533132039:34.79834117018557:0.9533326437075933:0.9404426471752915
WITCHER3_1920x1080_60_2Mbps_CBR_REF.h265:2074.948:74.17942841506785:34.23518286326191:0.9422644213835398:0.9297335546001638
