WITCHER3_1920x1080_60_15Mbps_VBR_REF.h265:16297.908800000001:92.50165834448224:37.87406832535192:0.9842876827716828:0.9754175006045835
WITCHER3_1920x1080_60_9Mbps_VBR_REF.h265:9765.332799999998:88.96879197672797:36.72758887123822:0.9767580582698187:0.9660207659020001
WITCHER3_1920x1080_60_6Mbps_VBR_REF.h265:6494.1536:85.6040490531914:35.94732395719269:0.969267389078935:0.95741811452255
WITCHER3_1920x1080_60_3Mbps_VBR_REF.h265:3212.744:78.79614940250188:34.81436541558825:0.9535057511925698:0.9407285971518295
WITCHER3_1920x1080_60_2Mbps_VBR_REF.h265:2123.9703999999997:74.13186777932765:34.23429004130874:0.9424793022871018:0.9299480891275552
