WITCHER3_1920x1080_60_15Mbps_CBR_REF.h265:15660.6816:92.54097:37.813943:0.984373:0.975284
WITCHER3_1920x1080_60_9Mbps_CBR_REF.h265:9393.5344:88.994145:36.680407:0.976921:0.965891
WITCHER3_1920x1080_60_6Mbps_CBR_REF.h265:6252.1808:85.542079:35.906553:0.969251:0.957124
WITCHER3_1920x1080_60_3Mbps_CBR_REF.h265:3114.7208:78.741422:34.798341:0.953333:0.940445
WITCHER3_1920x1080_60_2Mbps_CBR_REF.h265:2074.948:74.149576:34.235183:0.942265:0.929736
