BasketballDrive_1920x1080_50_24Mbps_VBR_REF.h264:24258.7264:99.769764:38.911747:0.994004:0.987544
BasketballDrive_1920x1080_50_12Mbps_VBR_REF.h264:12022.016800000001:98.442211:37.717251:0.99014:0.982713
BasketballDrive_1920x1080_50_6Mbps_VBR_REF.h264:5984.6008:90.805306:35.990846:0.979233:0.97135
BasketballDrive_1920x1080_50_3Mbps_VBR_REF.h264:2975.1232:74.662234:33.475914:0.950722:0.945127
BasketballDrive_1920x1080_50_2Mbps_VBR_REF.h264:1970.1648:61.771009:31.597303:0.916969:0.915521
