BasketballDrive_1920x1080_50_24Mbps_CBR_REF.h264:24428.3312:99.577827:38.853963:0.993607:0.987112
BasketballDrive_1920x1080_50_12Mbps_CBR_REF.h264:12064.008:98.479338:37.726376:0.990181:0.982758
BasketballDrive_1920x1080_50_6Mbps_CBR_REF.h264:6001.2608:90.846098:35.998557:0.979261:0.971382
BasketballDrive_1920x1080_50_3Mbps_CBR_REF.h264:2986.0671999999995:74.794173:33.488666:0.950979:0.945365
BasketballDrive_1920x1080_50_2Mbps_CBR_REF.h264:1977.3056000000001:61.872771:31.624857:0.917675:0.916143
