BoatNF_1280x720_60_12Mbps_CBR_REF.h264:12095.9888:96.969756:37.579303:0.997207:0.996385
BoatNF_1280x720_60_6Mbps_CBR_REF.h264:6047.848:91.48224:33.902972:0.992659:0.990846
BoatNF_1280x720_60_3Mbps_CBR_REF.h264:3008.4944:81.565521:30.457623:0.980289:0.97753
BoatNF_1280x720_60_1.5Mbps_CBR_REF.h264:1493.1248:67.16035:27.481415:0.951427:0.949496
BoatNF_1280x720_60_1Mbps_CBR_REF.h264:986.9984:56.26975:25.882894:0.919351:0.920254
