BoatNF_1280x720_60_12Mbps_VBR_REF.h264:11876.8544:96.891338:37.471314:0.997135:0.996298
BoatNF_1280x720_60_6Mbps_VBR_REF.h264:6038.3104:91.427933:33.866083:0.992605:0.990769
BoatNF_1280x720_60_3Mbps_VBR_REF.h264:3020.4687999999996:81.532012:30.445459:0.980286:0.977554
BoatNF_1280x720_60_1.5Mbps_VBR_REF.h264:1500.4096000000002:67.025338:27.458273:0.950963:0.949081
BoatNF_1280x720_60_1Mbps_VBR_REF.h264:995.1199999999999:56.306974:25.873007:0.918815:0.919765
