bq_terrace_1920x1080p_600_60_24Mbps_VBR_REF.h264:24553.566400000003:97.167598:35.863663:0.992124:0.98318
bq_terrace_1920x1080p_600_60_12Mbps_VBR_REF.h264:12230.728:95.9442:34.967447:0.989494:0.979763
bq_terrace_1920x1080p_600_60_6Mbps_VBR_REF.h264:6055.6072:93.533374:34.065022:0.985624:0.975062
bq_terrace_1920x1080p_600_60_3Mbps_VBR_REF.h264:2974.2024:88.272974:32.762714:0.977625:0.965722
bq_terrace_1920x1080p_600_60_2Mbps_VBR_REF.h264:1961.2:83.100952:31.694825:0.96955:0.95626
