bq_terrace_1920x1080p_600_60_24Mbps_CBR_REF.h264:24800.438400000003:97.091665:35.844617:0.991954:0.982975
bq_terrace_1920x1080p_600_60_12Mbps_CBR_REF.h264:12288.584:95.918309:34.966164:0.989508:0.979778
bq_terrace_1920x1080p_600_60_6Mbps_CBR_REF.h264:6095.028:93.82942:34.114554:0.985887:0.97535
bq_terrace_1920x1080p_600_60_3Mbps_CBR_REF.h264:3004.9368:88.750368:32.842202:0.978375:0.966479
bq_terrace_1920x1080p_600_60_2Mbps_CBR_REF.h264:1986.6856:83.648916:31.780609:0.970557:0.957242
