Bunny_1920x1080_24_600_24Mbps_CBR_REF.h264:22190.91808:99.241711:52.353229:0.999631:0.999179
Bunny_1920x1080_24_600_12Mbps_CBR_REF.h264:11297.952640000001:98.704391:48.812499:0.998989:0.998116
Bunny_1920x1080_24_600_6Mbps_CBR_REF.h264:5787.94656:97.238301:45.602303:0.997392:0.995952
Bunny_1920x1080_24_600_3Mbps_CBR_REF.h264:2948.37248:92.424688:42.219957:0.993061:0.990963
Bunny_1920x1080_24_600_2Mbps_CBR_REF.h264:1981.48512:86.14029:40.080982:0.987306:0.985009
