Bunny_1920x1080_24_600_24Mbps_VBR_REF.h264:21628.64384:99.263956:52.298205:0.99965:0.999206
Bunny_1920x1080_24_600_12Mbps_VBR_REF.h264:10943.550720000001:98.786337:48.822642:0.999041:0.99817
Bunny_1920x1080_24_600_6Mbps_VBR_REF.h264:5586.837759999999:97.341563:45.613055:0.997452:0.996007
Bunny_1920x1080_24_600_3Mbps_VBR_REF.h264:2820.44096:92.822039:42.239279:0.993204:0.991047
Bunny_1920x1080_24_600_2Mbps_VBR_REF.h264:1886.58816:86.70881:40.109319:0.98752:0.985094
