Bunny_1920x1080_24_600_12Mbps_VBR_REF.h264:10922.0365:98.789278:48.822428:0.999042:0.998169
Bunny_1920x1080_24_600_9Mbps_VBR_REF.h264:8283.0000:98.358716:47.499752:0.998554:0.997466
Bunny_1920x1080_24_600_6Mbps_VBR_REF.h264:5582.2221:97.358659:45.620057:0.997464:0.996018
Bunny_1920x1080_24_600_3Mbps_VBR_REF.h264:2817.9946:92.807408:42.233545:0.993196:0.991041
Bunny_1920x1080_24_600_2Mbps_VBR_REF.h264:1889.3088:86.762087:40.116087:0.987535:0.985110
