Cactus_1920x1080_50_24Mbps_CBR_REF.h264:24009.730399999997:96.815503:38.122503:0.994773:0.987919
Cactus_1920x1080_50_12Mbps_CBR_REF.h264:11779.7408:94.814269:37.274793:0.992846:0.985242
Cactus_1920x1080_50_6Mbps_CBR_REF.h264:5866.9312:90.124847:35.990836:0.987814:0.97903
Cactus_1920x1080_50_3Mbps_CBR_REF.h264:2925.8792000000003:79.980863:33.900619:0.973761:0.963266
Cactus_1920x1080_50_2Mbps_CBR_REF.h264:1942.0432000000003:70.832952:32.41091:0.95601:0.945414
