Cactus_1920x1080_50_24Mbps_VBR_REF.h264:23705.070399999997:97.2622:38.22349:0.995236:0.988511
Cactus_1920x1080_50_12Mbps_VBR_REF.h264:11714.317600000002:94.809726:37.270395:0.992839:0.985225
Cactus_1920x1080_50_6Mbps_VBR_REF.h264:5847.572800000001:90.111084:35.981239:0.987753:0.978963
Cactus_1920x1080_50_3Mbps_VBR_REF.h264:2915.8151999999995:79.892375:33.884656:0.97366:0.963134
Cactus_1920x1080_50_2Mbps_VBR_REF.h264:1939.4144:70.795789:32.399001:0.955683:0.945116
