crowd_run_1920x1080p_500_50_35Mbps_VBR_REF.h264:34348.94:97.715777:35.271297:0.993568:0.986062
crowd_run_1920x1080p_500_50_30Mbps_VBR_REF.h264:29426.22:96.677942:34.635541:0.992425:0.983998
crowd_run_1920x1080p_500_50_25Mbps_VBR_REF.h264:24479.1944:94.886948:33.848998:0.990574:0.980817
crowd_run_1920x1080p_500_50_20Mbps_VBR_REF.h264:19662.9384:92.044136:32.926881:0.987865:0.976269
crowd_run_1920x1080p_500_50_15Mbps_VBR_REF.h264:14753.824:87.150522:31.701468:0.982642:0.968238
