crowd_run_1280x720_50_15Mbps_CBR_REF.h264:15012.2024:94.063731:32.994791:0.987651:0.984794
crowd_run_1280x720_50_12Mbps_CBR_REF.h264:12065.32:91.127506:31.941273:0.983786:0.980544
crowd_run_1280x720_50_10Mbps_CBR_REF.h264:10027.162400000001:88.141912:31.073584:0.979553:0.976046
crowd_run_1280x720_50_8Mbps_CBR_REF.h264:8062.196799999999:84.086145:30.092949:0.973312:0.969625
crowd_run_1280x720_50_6Mbps_CBR_REF.h264:6053.696:78.019425:28.877658:0.962633:0.959119
