crowd_run_1920x1080p_500_50_35Mbps_CBR_REF.h264:35144.407199999994:96.183823:34.862701:0.992166:0.983853
crowd_run_1920x1080p_500_50_30Mbps_CBR_REF.h264:30070.1192:95.000028:34.234129:0.990866:0.981562
crowd_run_1920x1080p_500_50_25Mbps_CBR_REF.h264:25034.3544:93.051444:33.473235:0.988732:0.978082
crowd_run_1920x1080p_500_50_20Mbps_CBR_REF.h264:20026.192:90.116765:32.572431:0.985609:0.973155
crowd_run_1920x1080p_500_50_15Mbps_CBR_REF.h264:15014.379999999997:85.416396:31.433195:0.980483:0.965333
