crowd_run_1280x720_50_15Mbps_VBR_REF.h264:14799.2736:94.613505:33.116541:0.988381:0.985596
crowd_run_1280x720_50_12Mbps_VBR_REF.h264:11879.356800000001:91.970661:32.090714:0.984926:0.981729
crowd_run_1280x720_50_10Mbps_VBR_REF.h264:9873.875199999999:88.901248:31.18868:0.980554:0.97708
crowd_run_1280x720_50_8Mbps_VBR_REF.h264:7948.6416:84.878235:30.193676:0.974492:0.970779
crowd_run_1280x720_50_6Mbps_VBR_REF.h264:5974.0376:78.858544:28.968137:0.964365:0.960687
