CSGO_1920x1080_60_24Mbps_VBR_REF.h264:36713.7096:98.727696:48.973828:0.99843:0.996878
CSGO_1920x1080_60_12Mbps_VBR_REF.h264:18199.144:98.207361:47.196625:0.996424:0.993582
CSGO_1920x1080_60_6Mbps_VBR_REF.h264:8864.824:95.060124:45.540721:0.991666:0.987038
CSGO_1920x1080_60_3Mbps_VBR_REF.h264:4218.512:88.064494:43.494019:0.979963:0.973791
CSGO_1920x1080_60_2Mbps_VBR_REF.h264:2737.8736:82.093529:41.808691:0.965228:0.959456
