CSGO_1920x1080_60_24Mbps_CBR_REF.h264:40950.5984:98.730852:49.212753:0.99839:0.996835
CSGO_1920x1080_60_12Mbps_CBR_REF.h264:21536.046400000003:98.117434:47.48717:0.996313:0.993494
CSGO_1920x1080_60_6Mbps_CBR_REF.h264:11047.102399999998:95.141473:45.942647:0.99157:0.987117
CSGO_1920x1080_60_3Mbps_CBR_REF.h264:5583.3816:89.028445:44.064193:0.980236:0.974591
CSGO_1920x1080_60_2Mbps_CBR_REF.h264:3695.3984:84.180731:42.533875:0.967039:0.961815
