DinnerScene_1920x1080_60_4Mbps_VBR_REF.h264:3965.7799999999997:93.686991:43.386424:0.995336:0.99164
DinnerScene_1920x1080_60_3Mbps_VBR_REF.h264:2958.0192:93.117968:43.265925:0.995:0.991317
DinnerScene_1920x1080_60_2Mbps_VBR_REF.h264:1491.7896:91.516108:42.898502:0.993985:0.990358
DinnerScene_1920x1080_60_1.5Mbps_VBR_REF.h264:928.9224:89.525491:42.461682:0.99255:0.989023
DinnerScene_1920x1080_60_1Mbps_VBR_REF.h264:529.2568:85.287488:41.573525:0.989142:0.98604
