DinnerScene_1920x1080_60_4Mbps_CBR_REF.h264:3961.672:93.68147:43.390406:0.995349:0.991653
DinnerScene_1920x1080_60_3Mbps_CBR_REF.h264:2955.9936:93.155636:43.275679:0.995036:0.991348
DinnerScene_1920x1080_60_2Mbps_CBR_REF.h264:1942.9408:92.056999:43.01369:0.99424:0.990609
DinnerScene_1920x1080_60_1.5Mbps_CBR_REF.h264:1436.1512:90.930808:42.742584:0.993269:0.989726
DinnerScene_1920x1080_60_1Mbps_CBR_REF.h264:926.6824:88.370149:42.186286:0.991007:0.987751
