DOTA2_1920x1080_60_600_24Mbps_VBR_REF.h264:24304.2952:98.537862:44.525663:0.997831:0.996074
DOTA2_1920x1080_60_600_12Mbps_VBR_REF.h264:12159.9576:97.008852:42.180689:0.995787:0.992899
DOTA2_1920x1080_60_600_6Mbps_VBR_REF.h264:6023.5864:93.792341:39.79114:0.991027:0.9866
DOTA2_1920x1080_60_600_3Mbps_VBR_REF.h264:2946.9328000000005:86.540121:37.114967:0.978777:0.973053
DOTA2_1920x1080_60_600_2Mbps_VBR_REF.h264:1945.724:79.117856:35.387133:0.963968:0.958467
