DOTA2_1920x1080_60_600_24Mbps_CBR_REF.h264:24363.636:98.547938:44.542362:0.997844:0.996092
DOTA2_1920x1080_60_600_12Mbps_CBR_REF.h264:12194.111200000001:97.056647:42.207222:0.995824:0.992951
DOTA2_1920x1080_60_600_6Mbps_CBR_REF.h264:6053.9816:93.862016:39.826351:0.991137:0.986727
DOTA2_1920x1080_60_600_3Mbps_CBR_REF.h264:2964.8472:86.70893:37.17707:0.978956:0.973307
DOTA2_1920x1080_60_600_2Mbps_CBR_REF.h264:1961.2728:79.29156:35.477028:0.964545:0.959092
