FoodMarket2NF_1280x720_60_12Mbps_VBR_REF.h264:11634.235200000001:99.253318:40.745166:0.997347:0.996599
FoodMarket2NF_1280x720_60_6Mbps_VBR_REF.h264:5644.153600000001:98.222411:37.615466:0.993236:0.991973
FoodMarket2NF_1280x720_60_3Mbps_VBR_REF.h264:2703.848:92.3339:34.252818:0.98129:0.980103
FoodMarket2NF_1280x720_60_1.5Mbps_VBR_REF.h264:1296.2:77.673476:30.747521:0.950632:0.952465
FoodMarket2NF_1280x720_60_1Mbps_VBR_REF.h264:840.6447999999999:64.114213:28.631324:0.91261:0.920211
