FoodMarket2NF_1280x720_60_12Mbps_CBR_REF.h264:11652.465600000001:99.246095:40.785734:0.997409:0.996665
FoodMarket2NF_1280x720_60_6Mbps_CBR_REF.h264:5652.291200000001:98.191803:37.707473:0.993543:0.992284
FoodMarket2NF_1280x720_60_3Mbps_CBR_REF.h264:2725.656:93.083184:34.420475:0.982703:0.981368
FoodMarket2NF_1280x720_60_1.5Mbps_CBR_REF.h264:1315.0592:79.45907:30.963965:0.954801:0.955917
FoodMarket2NF_1280x720_60_1Mbps_CBR_REF.h264:864.3696:66.959535:28.920722:0.922278:0.92799
