GTAV_1920x1080_60_600_24Mbps_VBR_REF.h264:25040.328:94.055349:36.198096:0.982951:0.973585
GTAV_1920x1080_60_600_12Mbps_VBR_REF.h264:12599.5984:83.839706:33.769126:0.960476:0.947371
GTAV_1920x1080_60_600_6Mbps_VBR_REF.h264:6392.844:71.028226:31.634072:0.921506:0.90781
GTAV_1920x1080_60_600_3Mbps_VBR_REF.h264:3257.1935999999996:56.78254:29.562745:0.860338:0.851513
GTAV_1920x1080_60_600_2Mbps_VBR_REF.h264:2191.2375999999995:48.650489:28.331817:0.813665:0.810244
