GTAV_1920x1080_60_600_24Mbps_CBR_REF.h264:25109.9136:94.08937:36.214296:0.983005:0.97366
GTAV_1920x1080_60_600_12Mbps_CBR_REF.h264:12629.287199999999:83.86976:33.778458:0.960565:0.947445
GTAV_1920x1080_60_600_6Mbps_CBR_REF.h264:6410.245599999999:71.047139:31.643:0.921559:0.907878
GTAV_1920x1080_60_600_3Mbps_CBR_REF.h264:3263.8408:56.836055:29.568156:0.860516:0.851642
GTAV_1920x1080_60_600_2Mbps_CBR_REF.h264:2195.3832:48.712246:28.338202:0.813814:0.810339
