Hearthstone_1920x1080_60_24Mbps_VBR_REF.h264:22912.260799999996:97.72621:50.885353:0.999611:0.999252
Hearthstone_1920x1080_60_12Mbps_VBR_REF.h264:11353.3192:97.444045:48.746937:0.999311:0.998832
Hearthstone_1920x1080_60_6Mbps_VBR_REF.h264:5737.7008:96.619876:45.670655:0.998571:0.997888
Hearthstone_1920x1080_60_3Mbps_VBR_REF.h264:2878.3456:94.340628:41.820861:0.996668:0.995597
Hearthstone_1920x1080_60_2Mbps_VBR_REF.h264:1922.6624:91.663825:39.516751:0.994525:0.993043
