Hearthstone_1920x1080_60_24Mbps_CBR_REF.h264:23930.3864:97.73642:51.040189:0.999639:0.999288
Hearthstone_1920x1080_60_12Mbps_CBR_REF.h264:12375.964:97.434767:48.789771:0.999338:0.998865
Hearthstone_1920x1080_60_6Mbps_CBR_REF.h264:6291.1456:96.58064:45.612297:0.998601:0.997913
Hearthstone_1920x1080_60_3Mbps_CBR_REF.h264:3074.9376:94.342785:41.818887:0.996769:0.995692
Hearthstone_1920x1080_60_2Mbps_CBR_REF.h264:2013.6216000000002:91.774555:39.563301:0.994759:0.993273
