Kimono1_1280x720_24_12Mbps_CBR_REF.h264:11143.808:99.273947:44.794547:0.997211:0.996567
Kimono1_1280x720_24_6Mbps_CBR_REF.h264:5244.8928000000005:98.100561:42.794153:0.994928:0.994423
Kimono1_1280x720_24_3Mbps_CBR_REF.h264:2505.4311999999995:93.72441:40.309662:0.988734:0.989144
Kimono1_1280x720_24_1.5Mbps_CBR_REF.h264:1222.7408:84.642295:37.424946:0.973644:0.976922
Kimono1_1280x720_24_1Mbps_CBR_REF.h264:810.1791999999999:76.818605:35.674368:0.95726:0.964066
