Kimono1_1280x720_24_12Mbps_VBR_REF.h264:10945.961599999999:99.340206:44.842293:0.997396:0.996716
Kimono1_1280x720_24_6Mbps_VBR_REF.h264:5180.5055999999995:98.052043:42.760549:0.994862:0.99437
Kimono1_1280x720_24_3Mbps_VBR_REF.h264:2478.792:93.59642:40.275454:0.988571:0.989019
Kimono1_1280x720_24_1.5Mbps_VBR_REF.h264:1210.536:84.436584:37.382128:0.973171:0.976574
Kimono1_1280x720_24_1Mbps_VBR_REF.h264:799.928:76.578709:35.642993:0.95627:0.963344
