Kimono1_1920x1080_24_24Mbps_CBR_REF.h264:24021.654400000003:98.391662:43.082939:0.996776:0.993767
Kimono1_1920x1080_24_12Mbps_CBR_REF.h264:11002.5896:96.681734:41.742632:0.99491:0.991422
Kimono1_1920x1080_24_6Mbps_CBR_REF.h264:5156.324799999999:93.727969:40.544979:0.992215:0.988327
Kimono1_1920x1080_24_3Mbps_CBR_REF.h264:2474.6384:84.876755:38.446506:0.982701:0.978817
Kimono1_1920x1080_24_2Mbps_CBR_REF.h264:1633.9488:76.769419:36.898498:0.971034:0.96795
