Kimono1_1920x1080_24_24Mbps_VBR_REF.h264:23288.836799999997:98.977529:43.144009:0.997361:0.994375
Kimono1_1920x1080_24_12Mbps_VBR_REF.h264:10891.2472:97.613114:41.909722:0.995773:0.992221
Kimono1_1920x1080_24_6Mbps_VBR_REF.h264:5102.636:94.074016:40.600418:0.992536:0.988627
Kimono1_1920x1080_24_3Mbps_VBR_REF.h264:2436.3408:84.855656:38.45495:0.982817:0.978931
Kimono1_1920x1080_24_2Mbps_VBR_REF.h264:1606.92:76.630148:36.891258:0.970865:0.967836
