MINECRAFT_1920x1080_60_600_24Mbps_CBR_REF.h264:24914.628800000002:96.863097:35.599832:0.988328:0.981219
MINECRAFT_1920x1080_60_600_12Mbps_CBR_REF.h264:11992.8216:86.4433:32.666315:0.971047:0.959501
MINECRAFT_1920x1080_60_600_6Mbps_CBR_REF.h264:5840.7368:68.93895:30.175238:0.930954:0.918029
MINECRAFT_1920x1080_60_600_3Mbps_CBR_REF.h264:2881.7512:47.695073:27.728254:0.838169:0.834621
MINECRAFT_1920x1080_60_600_2Mbps_CBR_REF.h264:1922.8856:37.001554:26.269846:0.752749:0.759633
