MINECRAFT_1920x1080_60_600_24Mbps_VBR_REF.h264:24762.158400000004:97.037726:35.63362:0.988634:0.981622
MINECRAFT_1920x1080_60_600_12Mbps_VBR_REF.h264:11925.264:86.992315:32.719102:0.972194:0.960672
MINECRAFT_1920x1080_60_600_6Mbps_VBR_REF.h264:5811.016799999999:69.271555:30.202124:0.932264:0.91919
MINECRAFT_1920x1080_60_600_3Mbps_VBR_REF.h264:2864.9327999999996:47.720808:27.735692:0.838884:0.835277
MINECRAFT_1920x1080_60_600_2Mbps_VBR_REF.h264:1919.0503999999999:37.088539:26.277534:0.753889:0.76059
