MrFox_BlueBird_1920x1080_30_24Mbps_VBR_REF.h264:17998.1208:98.106936:56.428214:0.999852:0.999679
MrFox_BlueBird_1920x1080_30_12Mbps_VBR_REF.h264:9131.5744:97.787094:51.465591:0.999383:0.998913
MrFox_BlueBird_1920x1080_30_6Mbps_VBR_REF.h264:4648.294400000001:96.827662:47.476573:0.997857:0.996951
MrFox_BlueBird_1920x1080_30_3Mbps_VBR_REF.h264:2299.4552000000003:93.007625:43.030294:0.992755:0.991473
MrFox_BlueBird_1920x1080_30_2Mbps_VBR_REF.h264:1524.3096:86.876577:40.377235:0.985586:0.984444
