MrFox_BlueBird_1920x1080_30_5.5Mbps_VBR_REF.h264:4249.3784:96.638196:46.894464:0.997543:0.996573
MrFox_BlueBird_1920x1080_30_4Mbps_VBR_REF.h264:3094.9928:95.362380:44.948576:0.995687:0.994526
MrFox_BlueBird_1920x1080_30_3Mbps_VBR_REF.h264:2301.7800:92.991165:43.040724:0.992767:0.991491
MrFox_BlueBird_1920x1080_30_2.25Mbps_VBR_REF.h264:1729.0136:89.063094:41.220655:0.988233:0.987016
MrFox_BlueBird_1920x1080_30_1.125Mbps_VBR_REF.h264:846.9568:71.544507:36.344839:0.963566:0.963459
