MrFox_BlueBird_1920x1080_30_5.5Mbps_CBR_REF.h264:4619.9488:96.872102:47.327329:0.997932:0.997028
MrFox_BlueBird_1920x1080_30_4Mbps_CBR_REF.h264:3346.3352:95.752373:45.310643:0.996299:0.995178
MrFox_BlueBird_1920x1080_30_3Mbps_CBR_REF.h264:2505.3632:93.722773:43.490210:0.993757:0.992495
MrFox_BlueBird_1920x1080_30_2.25Mbps_CBR_REF.h264:1867.1816:90.101728:41.620377:0.989585:0.988342
MrFox_BlueBird_1920x1080_30_1.125Mbps_CBR_REF.h264:894.0696:73.215741:36.592487:0.966395:0.965945
