MrFox_BlueBird_1920x1080_30_24Mbps_CBR_REF.h264:19809.938400000003:98.124691:56.920077:0.999879:0.999732
MrFox_BlueBird_1920x1080_30_12Mbps_CBR_REF.h264:10068.6328:97.863189:52.397309:0.999512:0.999107
MrFox_BlueBird_1920x1080_30_6Mbps_CBR_REF.h264:5042.228:97.044792:47.861234:0.99821:0.997363
MrFox_BlueBird_1920x1080_30_3Mbps_CBR_REF.h264:2507.8672:93.741781:43.510151:0.993797:0.992535
MrFox_BlueBird_1920x1080_30_2Mbps_CBR_REF.h264:1638.7712:88.117765:40.736697:0.987111:0.985882
