ParkScene_1280x720_24_12Mbps_CBR_REF.h264:11603.4016:98.050651:42.886331:0.996843:0.996219
ParkScene_1280x720_24_6Mbps_CBR_REF.h264:5724.504:96.1382:40.451352:0.994573:0.993794
ParkScene_1280x720_24_3Mbps_CBR_REF.h264:2820.6008:92.484833:37.836757:0.989651:0.988679
ParkScene_1280x720_24_1.5Mbps_CBR_REF.h264:1393.5527999999997:85.704147:35.136968:0.978954:0.978058
ParkScene_1280x720_24_1Mbps_CBR_REF.h264:921.9448000000001:79.46881:33.558111:0.967359:0.96711
