park_joy_1280x720_50_15Mbps_CBR_REF.h264:14496.392000000002:93.704939:31.727975:0.982593:0.980832
park_joy_1280x720_50_12Mbps_CBR_REF.h264:11575.86:90.72792:30.704503:0.977281:0.975407
park_joy_1280x720_50_10Mbps_CBR_REF.h264:9637.7496:87.909831:29.914025:0.972184:0.970295
park_joy_1280x720_50_8Mbps_CBR_REF.h264:7719.575999999999:84.229994:29.018415:0.964814:0.963007
park_joy_1280x720_50_6Mbps_CBR_REF.h264:5777.7752:78.906097:27.920467:0.952989:0.951553
