park_joy_1280x720_50_15Mbps_VBR_REF.h264:14282.635999999999:93.828515:31.71659:0.982745:0.980981
park_joy_1280x720_50_12Mbps_VBR_REF.h264:11424.559200000002:90.910706:30.710065:0.977651:0.975791
park_joy_1280x720_50_10Mbps_VBR_REF.h264:9501.844:88.157659:29.920577:0.972678:0.970802
park_joy_1280x720_50_8Mbps_VBR_REF.h264:7581.5984:84.443295:29.006511:0.965334:0.963495
park_joy_1280x720_50_6Mbps_VBR_REF.h264:5676.572:79.185895:27.910061:0.953463:0.951967
