park_joy_1920x1080_500_50_35Mbps_VBR_REF.h264:33340.592:96.650644:33.193252:0.989913:0.981818
park_joy_1920x1080_500_50_30Mbps_VBR_REF.h264:28540.592800000002:95.096818:32.523566:0.987976:0.978845
park_joy_1920x1080_500_50_25Mbps_VBR_REF.h264:23731.1168:92.746621:31.74534:0.985135:0.974629
park_joy_1920x1080_500_50_20Mbps_VBR_REF.h264:19024.817600000002:89.426798:30.844325:0.981074:0.968686
park_joy_1920x1080_500_50_15Mbps_VBR_REF.h264:14210.4576:84.455549:29.724909:0.974268:0.959011
