ParkScene_1280x720_24_12Mbps_VBR_REF.h264:11206.2664:98.185556:42.96851:0.997013:0.996392
ParkScene_1280x720_24_6Mbps_VBR_REF.h264:5581.2944:96.169446:40.449892:0.994612:0.993837
ParkScene_1280x720_24_3Mbps_VBR_REF.h264:2738.4024000000004:92.188228:37.704403:0.989272:0.988297
ParkScene_1280x720_24_1.5Mbps_VBR_REF.h264:1317.3232:84.635482:34.870115:0.97703:0.976249
ParkScene_1280x720_24_1Mbps_VBR_REF.h264:868.9448000000001:77.685366:33.264647:0.963638:0.963766
