park_joy_1920x1080_500_50_35Mbps_CBR_REF.h264:34146.2768:95.799445:32.987161:0.988937:0.980313
park_joy_1920x1080_500_50_30Mbps_CBR_REF.h264:29242.1536:94.185622:32.352097:0.98697:0.977337
park_joy_1920x1080_500_50_25Mbps_CBR_REF.h264:24335.1592:91.824105:31.603002:0.984072:0.973039
park_joy_1920x1080_500_50_20Mbps_CBR_REF.h264:19417.924:88.360398:30.703752:0.979614:0.966597
park_joy_1920x1080_500_50_15Mbps_CBR_REF.h264:14560.8768:83.397807:29.627787:0.972687:0.95693
