PierSeasideNF_1280x720_60_12Mbps_CBR_REF.h264:12844.850400000001:98.57758:44.454715:0.996722:0.996258
PierSeasideNF_1280x720_60_6Mbps_CBR_REF.h264:6415.1272:97.235201:42.430667:0.99406:0.993567
PierSeasideNF_1280x720_60_3Mbps_CBR_REF.h264:3197.9624000000003:94.614644:40.369353:0.988902:0.988693
PierSeasideNF_1280x720_60_1.5Mbps_CBR_REF.h264:1582.3976:89.652856:38.147121:0.979211:0.980052
PierSeasideNF_1280x720_60_1Mbps_CBR_REF.h264:1049.5488:85.127031:36.737777:0.970123:0.972053
