PierSeasideNF_1280x720_60_12Mbps_VBR_REF.h264:12829.0688:98.565945:44.432838:0.99669:0.996225
PierSeasideNF_1280x720_60_6Mbps_VBR_REF.h264:6403.5952:97.209408:42.404088:0.993976:0.993488
PierSeasideNF_1280x720_60_3Mbps_VBR_REF.h264:3190.6584:94.549891:40.337521:0.988748:0.988555
PierSeasideNF_1280x720_60_1.5Mbps_VBR_REF.h264:1581.7831999999999:89.625072:38.122056:0.978986:0.979869
PierSeasideNF_1280x720_60_1Mbps_VBR_REF.h264:1046.3503999999998:84.963477:36.693948:0.96968:0.971685
