RedKayak_1920x1080_30_24Mbps_VBR_REF.h264:19930.11663157895:98.119512:41.57094:0.991662:0.987817
RedKayak_1920x1080_30_12Mbps_VBR_REF.h264:9759.16252631579:88.226954:38.599946:0.979094:0.974665
RedKayak_1920x1080_30_6Mbps_VBR_REF.h264:4969.425684210527:73.177748:35.874455:0.955394:0.951703
RedKayak_1920x1080_30_3Mbps_VBR_REF.h264:2571.3936842105263:55.850844:33.244373:0.916622:0.916146
RedKayak_1920x1080_30_2Mbps_VBR_REF.h264:1751.8614736842105:45.722206:31.761046:0.885286:0.888329
