RedKayak_1920x1080_30_24Mbps_CBR_REF.h264:20046.93052631579:97.449479:41.424504:0.99078:0.986898
RedKayak_1920x1080_30_12Mbps_CBR_REF.h264:9872.742315789474:86.664325:38.431146:0.976613:0.972201
RedKayak_1920x1080_30_6Mbps_CBR_REF.h264:5069.509052631579:71.452054:35.698618:0.949967:0.946622
RedKayak_1920x1080_30_3Mbps_CBR_REF.h264:2628.208:53.965609:33.045844:0.90679:0.907462
RedKayak_1920x1080_30_2Mbps_CBR_REF.h264:1775.650105263158:43.757859:31.567:0.873208:0.877704
