RushFieldCuts_1920x1080_30_24Mbps_VBR_REF.h264:20850.716631578947:98.161321:39.843766:0.995142:0.991098
RushFieldCuts_1920x1080_30_12Mbps_VBR_REF.h264:10513.414736842105:94.279224:37.701625:0.990884:0.985813
RushFieldCuts_1920x1080_30_6Mbps_VBR_REF.h264:5438.382315789474:86.095005:35.47116:0.981093:0.97544
RushFieldCuts_1920x1080_30_3Mbps_VBR_REF.h264:2807.912842105263:71.277153:32.733314:0.958923:0.953887
RushFieldCuts_1920x1080_30_2Mbps_VBR_REF.h264:1907.5393684210526:60.370971:30.989634:0.935923:0.932531
