RushFieldCuts_1920x1080_30_24Mbps_CBR_REF.h264:21203.45347368421:97.989848:39.84987:0.995027:0.990958
RushFieldCuts_1920x1080_30_12Mbps_CBR_REF.h264:10670.022315789474:93.685809:37.617538:0.990169:0.98507
RushFieldCuts_1920x1080_30_6Mbps_CBR_REF.h264:5484.064842105263:85.496755:35.380382:0.980257:0.974628
RushFieldCuts_1920x1080_30_3Mbps_CBR_REF.h264:2826.7663157894735:70.787305:32.666574:0.958019:0.953022
RushFieldCuts_1920x1080_30_2Mbps_CBR_REF.h264:1922.7372631578946:59.940333:30.932721:0.934785:0.931502
