Sintel_trailer_o537n480_1920x1080_24_9Mbps_VBR_REF.h264:7324.8728:99.116756:52.022928:0.999338:0.999015
Sintel_trailer_o537n480_1920x1080_24_6Mbps_VBR_REF.h264:4765.417199999999:98.484102:49.840619:0.998883:0.998498
Sintel_trailer_o537n480_1920x1080_24_2Mbps_VBR_REF.h264:1488.4688:94.366832:45.911938:0.995186:0.994913
Sintel_trailer_o537n480_1920x1080_24_1Mbps_VBR_REF.h264:729.6651999999999:86.043368:42.493095:0.98503:0.986422
Sintel_trailer_o537n480_1920x1080_24_0.5Mbps_VBR_REF.h264:375.9536:66.990037:36.752942:0.949329:0.956996
