Sintel_trailer_o537n480_1920x1080_24_9Mbps_CBR_REF.h264:7422.151199999999:99.128972:52.055559:0.999353:0.999032
Sintel_trailer_o537n480_1920x1080_24_6Mbps_CBR_REF.h264:4814.779600000001:98.553206:49.950798:0.998908:0.998527
Sintel_trailer_o537n480_1920x1080_24_2Mbps_CBR_REF.h264:1532.7552000000003:94.592302:45.971009:0.995399:0.995107
Sintel_trailer_o537n480_1920x1080_24_1Mbps_CBR_REF.h264:753.4988000000001:86.102211:42.692332:0.985837:0.987083
Sintel_trailer_o537n480_1920x1080_24_0.5Mbps_CBR_REF.h264:386.21040000000005:67.324118:37.015318:0.952688:0.959829
