Sintel_trailer_o537n480_1920x1080_24_3Mbps_VBR_REF.h264:2307.9160:96.698769:47.404328:0.997304:0.996880
Sintel_trailer_o537n480_1920x1080_24_2Mbps_VBR_REF.h264:1488.0760:94.534404:45.970636:0.995221:0.994952
Sintel_trailer_o537n480_1920x1080_24_1.5Mbps_VBR_REF.h264:1094.5792:92.130326:44.614797:0.992463:0.992570
Sintel_trailer_o537n480_1920x1080_24_1Mbps_VBR_REF.h264:728.1316:85.588783:42.480814:0.984899:0.986280
Sintel_trailer_o537n480_1920x1080_24_0.5Mbps_VBR_REF.h264:375.0124:66.744046:36.784372:0.950446:0.957673
