TangoNF_1280x720_60_12Mbps_VBR_REF.h264:11810.23836734694:99.720355:43.467071:0.995975:0.995336
TangoNF_1280x720_60_6Mbps_VBR_REF.h264:5855.178775510204:97.058899:40.949647:0.991253:0.99116
TangoNF_1280x720_60_3Mbps_VBR_REF.h264:2920.5191836734693:88.28851:37.736585:0.978871:0.980985
TangoNF_1280x720_60_1.5Mbps_VBR_REF.h264:1461.1820408163267:71.013627:34.144384:0.949497:0.957845
TangoNF_1280x720_60_1Mbps_VBR_REF.h264:973.8302040816327:57.081721:31.942603:0.917037:0.932656
