TangoNF_1280x720_60_12Mbps_CBR_REF.h264:11851.340408163265:99.750597:43.485583:0.996007:0.995361
TangoNF_1280x720_60_6Mbps_CBR_REF.h264:5871.222857142858:97.138002:40.978622:0.991358:0.991245
TangoNF_1280x720_60_3Mbps_CBR_REF.h264:2934.171428571429:88.514409:37.787071:0.979352:0.981355
TangoNF_1280x720_60_1.5Mbps_CBR_REF.h264:1462.5485714285714:71.219892:34.172864:0.950001:0.958236
TangoNF_1280x720_60_1Mbps_CBR_REF.h264:974.2775510204082:57.113742:31.959677:0.917166:0.932829
