touchdown_pass_1280x720_30_12Mbps_VBR_REF.h264:11419.741473684213:99.339563:42.987318:0.994964:0.993868
touchdown_pass_1280x720_30_6Mbps_VBR_REF.h264:5784.3364210526315:98.623301:41.363387:0.991912:0.990848
touchdown_pass_1280x720_30_3Mbps_VBR_REF.h264:2951.568:95.96403:39.62242:0.985706:0.985177
touchdown_pass_1280x720_30_1.5Mbps_VBR_REF.h264:1503.8985263157895:87.190168:37.372518:0.96997:0.971587
touchdown_pass_1280x720_30_1Mbps_VBR_REF.h264:1014.5292631578948:78.19523:35.757408:0.950729:0.955578
