touchdown_pass_1280x720_30_12Mbps_CBR_REF.h264:11551.141894736844:99.247387:42.964589:0.994858:0.993757
touchdown_pass_1280x720_30_6Mbps_CBR_REF.h264:5810.271578947369:98.623479:41.361543:0.991903:0.990839
touchdown_pass_1280x720_30_3Mbps_CBR_REF.h264:2961.9406315789474:96.023132:39.632583:0.985724:0.985195
touchdown_pass_1280x720_30_1.5Mbps_CBR_REF.h264:1513.208:87.271139:37.396936:0.970137:0.971732
touchdown_pass_1280x720_30_1Mbps_CBR_REF.h264:1020.0892631578947:78.315372:35.776029:0.950903:0.955728
