WITCHER3_1920x1080_60_24Mbps_VBR_REF.h264:25699.148:93.838288:38.357289:0.985858:0.977794
WITCHER3_1920x1080_60_12Mbps_VBR_REF.h264:12786.599199999999:88.744082:36.571748:0.974121:0.963339
WITCHER3_1920x1080_60_6Mbps_VBR_REF.h264:6338.984800000001:81.233546:35.107189:0.955184:0.943218
WITCHER3_1920x1080_60_3Mbps_VBR_REF.h264:3132.336:71.097032:33.826414:0.926249:0.916223
WITCHER3_1920x1080_60_2Mbps_VBR_REF.h264:2071.6048:65.114888:33.153246:0.906311:0.898704
