WITCHER3_1920x1080_60_24Mbps_CBR_REF.h264:25822.6408:93.86154:38.364837:0.985864:0.977801
WITCHER3_1920x1080_60_12Mbps_CBR_REF.h264:12820.016:88.815931:36.582639:0.974248:0.963474
WITCHER3_1920x1080_60_6Mbps_CBR_REF.h264:6352.208:81.289738:35.118162:0.95542:0.943436
WITCHER3_1920x1080_60_3Mbps_CBR_REF.h264:3144.4647999999997:71.142934:33.835894:0.926604:0.916527
WITCHER3_1920x1080_60_2Mbps_CBR_REF.h264:2074.9352:65.13499:33.157548:0.906429:0.898804
