BasketballDrive_1920x1080_50_15Mbps_VBR_REF.h265:15282.715199999999:99.517057:38.881391:0.994592:0.988131
BasketballDrive_1920x1080_50_9Mbps_VBR_REF.h265:9127.488:98.564391:38.080758:0.99212:0.98501
BasketballDrive_1920x1080_50_6Mbps_VBR_REF.h265:6056.0832:96.286907:37.280061:0.988403:0.980839
BasketballDrive_1920x1080_50_3Mbps_VBR_REF.h265:3004.2151999999996:86.946534:35.479025:0.976283:0.968415
BasketballDrive_1920x1080_50_2Mbps_VBR_REF.h265:1983.78:78.723178:34.200172:0.963634:0.956391
