Bunny_1920x1080_24_600_12Mbps_CBR_REF.h265:11053.2246:99.165641:50.649313:0.999335:0.998676
Bunny_1920x1080_24_600_9Mbps_CBR_REF.h265:8288.2627:99.006967:49.400805:0.999032:0.998200
Bunny_1920x1080_24_600_6Mbps_CBR_REF.h265:5520.9914:98.633754:47.779274:0.998383:0.997272
Bunny_1920x1080_24_600_3Mbps_CBR_REF.h265:2742.5357:96.779235:45.051365:0.995977:0.994192
Bunny_1920x1080_24_600_2Mbps_CBR_REF.h265:1840.5290:93.657761:43.399249:0.992942:0.990697
