Bunny_1920x1080_24_600_12Mbps_VBR_REF.h265:10831.4266:98.832669:49.674345:0.999275:0.998611
Bunny_1920x1080_24_600_9Mbps_VBR_REF.h265:8153.0666:98.550893:48.507228:0.998967:0.998148
Bunny_1920x1080_24_600_6Mbps_VBR_REF.h265:5444.4954:97.952897:46.968842:0.998345:0.997278
Bunny_1920x1080_24_600_3Mbps_VBR_REF.h265:2747.4419:95.720811:44.222104:0.996212:0.994589
Bunny_1920x1080_24_600_2Mbps_VBR_REF.h265:1838.1555:92.661460:42.479492:0.993642:0.991622
