Cactus_1920x1080_50_15Mbps_VBR_REF.h265:14680.231200000002:96.356616:38.069511:0.994846:0.988069
Cactus_1920x1080_50_9Mbps_VBR_REF.h265:8743.782399999998:94.504761:37.370253:0.992732:0.985323
Cactus_1920x1080_50_6Mbps_VBR_REF.h265:5800.316:92.351178:36.692126:0.990029:0.982018
Cactus_1920x1080_50_3Mbps_VBR_REF.h265:2871.7896:85.33793:35.005362:0.980691:0.971145
Cactus_1920x1080_50_2Mbps_VBR_REF.h265:1901.4784:78.737236:33.74288:0.970174:0.959662
