Cactus_1920x1080_50_15Mbps_CBR_REF.h265:14762.887200000001:96.85766:38.177202:0.995303:0.988599
Cactus_1920x1080_50_9Mbps_CBR_REF.h265:8859.615199999998:95.310649:37.50354:0.993633:0.986273
Cactus_1920x1080_50_6Mbps_CBR_REF.h265:5907.049599999999:93.319755:36.816152:0.991393:0.983324
Cactus_1920x1080_50_3Mbps_CBR_REF.h265:2957.9455999999996:86.410006:35.104457:0.983162:0.973225
Cactus_1920x1080_50_2Mbps_CBR_REF.h265:1973.1560000000002:79.859878:33.86629:0.973633:0.962489
