crowd_run_1280x720_50_15Mbps_VBR_REF.h265:14678.7272:96.681104:34.219302:0.991548:0.989171
crowd_run_1280x720_50_12Mbps_VBR_REF.h265:11731.0416:94.493596:33.103868:0.988738:0.985859
crowd_run_1280x720_50_10Mbps_VBR_REF.h265:9768.6992:92.107664:32.216876:0.985743:0.982453
crowd_run_1280x720_50_8Mbps_VBR_REF.h265:7797.760799999999:88.671553:31.183303:0.98101:0.977291
crowd_run_1280x720_50_6Mbps_VBR_REF.h265:5846.8008:83.432716:29.938676:0.972973:0.968915
