crowd_run_1920x1080p_500_50_35Mbps_VBR_REF.h265:34226.720799999996:98.679078:36.179382:0.995204:0.988771
crowd_run_1920x1080p_500_50_30Mbps_VBR_REF.h265:29292.308799999995:97.92541:35.57197:0.994444:0.987266
crowd_run_1920x1080p_500_50_25Mbps_VBR_REF.h265:24336.0392:96.730763:34.830454:0.993304:0.985045
crowd_run_1920x1080p_500_50_20Mbps_VBR_REF.h265:19470.213600000003:94.70022:33.928973:0.991427:0.981553
crowd_run_1920x1080p_500_50_15Mbps_VBR_REF.h265:14603.5152:90.940136:32.757694:0.988008:0.975608
