crowd_run_1280x720_50_15Mbps_CBR_REF.h265:14796.719200000001:96.950794:34.275583:0.991664:0.989266
crowd_run_1280x720_50_12Mbps_CBR_REF.h265:11839.916:94.776366:33.160786:0.988864:0.985989
crowd_run_1280x720_50_10Mbps_CBR_REF.h265:9863.677599999999:92.537431:32.289399:0.985922:0.982638
crowd_run_1280x720_50_8Mbps_CBR_REF.h265:7892.275999999999:89.197076:31.271777:0.981339:0.97763
crowd_run_1280x720_50_6Mbps_CBR_REF.h265:5922.0936:84.04688:30.028137:0.973519:0.969422
