FoodMarket2NF_1280x720_60_7.5Mbps_VBR_REF.h265:6809.564800000001:98.852494:40.26324:0.995557:0.99498
FoodMarket2NF_1280x720_60_4.5Mbps_VBR_REF.h265:3962.2735999999995:97.498161:37.958174:0.991582:0.990911
FoodMarket2NF_1280x720_60_3Mbps_VBR_REF.h265:2601.2192:95.402721:36.123043:0.986297:0.985731
FoodMarket2NF_1280x720_60_1.5Mbps_VBR_REF.h265:1259.1216000000002:86.576412:32.882492:0.968857:0.969433
FoodMarket2NF_1280x720_60_1Mbps_VBR_REF.h265:812.2:78.234841:30.985834:0.94983:0.952522
