GTAV_1920x1080_60_600_15Mbps_CBR_REF.h265:14783.2176:92.487619:35.622008:0.981347:0.970678
GTAV_1920x1080_60_600_9Mbps_CBR_REF.h265:8875.811200000002:86.185353:34.058535:0.968619:0.955012
GTAV_1920x1080_60_600_6Mbps_CBR_REF.h265:5919.0608:80.202252:32.918286:0.954354:0.939086
GTAV_1920x1080_60_600_3Mbps_CBR_REF.h265:2989.2112:68.69864:31.164861:0.921302:0.905635
GTAV_1920x1080_60_600_2Mbps_CBR_REF.h265:2009.1024000000002:61.534409:30.212956:0.896489:0.882284
