Hearthstone_1920x1080_60_10Mbps_CBR_REF.h265:9614.9992:97.307176:49.101919:0.999332:0.998897
Hearthstone_1920x1080_60_5.5Mbps_CBR_REF.h265:5269.7984:96.620927:46.842698:0.998871:0.998272
Hearthstone_1920x1080_60_3Mbps_CBR_REF.h265:2747.3216:94.956223:43.435885:0.997664:0.996709
Hearthstone_1920x1080_60_2.25Mbps_CBR_REF.h265:2067.9208:93.705468:41.861416:0.996699:0.995491
Hearthstone_1920x1080_60_1.125Mbps_CBR_REF.h265:1038.1952:88.212420:37.936274:0.992046:0.989816
