Hearthstone_1920x1080_60_15Mbps_VBR_REF.h265:13715.659200000002:97.391838:50.003268:0.999351:0.998953
Hearthstone_1920x1080_60_9Mbps_VBR_REF.h265:8161.2928:96.898188:48.114549:0.998937:0.998399
Hearthstone_1920x1080_60_6Mbps_VBR_REF.h265:5455.372800000001:96.21925:46.502772:0.998427:0.997738
Hearthstone_1920x1080_60_3Mbps_VBR_REF.h265:2688.9231999999997:93.842863:43.027145:0.996453:0.995292
Hearthstone_1920x1080_60_2Mbps_VBR_REF.h265:1745.0048000000002:91.245553:40.67623:0.993996:0.992353
