Hearthstone_1920x1080_60_10Mbps_VBR_REF.h265:9064.5408:97.020271:48.531964:0.999043:0.998539
Hearthstone_1920x1080_60_5.5Mbps_VBR_REF.h265:4996.0576:96.011593:46.106101:0.998264:0.997533
Hearthstone_1920x1080_60_3Mbps_VBR_REF.h265:2686.7720:93.847619:43.030828:0.996455:0.995296
Hearthstone_1920x1080_60_2.25Mbps_VBR_REF.h265:1980.9464:92.076257:41.360238:0.994847:0.993364
Hearthstone_1920x1080_60_1.125Mbps_VBR_REF.h265:931.3832:84.827348:37.186752:0.986899:0.984232
