Kimono1_1920x1080_24_15Mbps_VBR_REF.h265:14075.344799999999:98.699647:42.887668:0.997188:0.994068
Kimono1_1920x1080_24_9Mbps_VBR_REF.h265:7858.496799999999:97.490635:42.081911:0.995789:0.992349
Kimono1_1920x1080_24_6Mbps_VBR_REF.h265:5043.606400000001:95.561886:41.342897:0.993659:0.990078
Kimono1_1920x1080_24_3Mbps_VBR_REF.h265:2373.62:89.270672:39.611261:0.986096:0.982579
Kimono1_1920x1080_24_2Mbps_VBR_REF.h265:1555.7536:83.693919:38.340387:0.97754:0.974595
