Kimono1_1280x720_24_7.5Mbps_CBR_REF.h265:7325.359199999999:99.416206:44.775442:0.997307:0.99665
Kimono1_1280x720_24_4.5Mbps_CBR_REF.h265:4381.6136:98.689803:43.350109:0.995517:0.994997
Kimono1_1280x720_24_3Mbps_CBR_REF.h265:2921.276:96.989233:42.032026:0.992951:0.992761
Kimono1_1280x720_24_1.5Mbps_CBR_REF.h265:1453.788:90.728019:39.385294:0.983661:0.98505
Kimono1_1280x720_24_1Mbps_CBR_REF.h265:958.8408:85.161897:37.754628:0.97368:0.97706
