MINECRAFT_1920x1080_60_600_15Mbps_VBR_REF.h265:15589.3872:95.153638:35.127679:0.986346:0.978732
MINECRAFT_1920x1080_60_600_9Mbps_VBR_REF.h265:9074.016800000001:88.5525:33.16562:0.975805:0.965081
MINECRAFT_1920x1080_60_600_6Mbps_VBR_REF.h265:5928.792:80.947483:31.796331:0.962788:0.949825
MINECRAFT_1920x1080_60_600_3Mbps_VBR_REF.h265:2880.3264000000004:65.420531:29.796105:0.926915:0.913224
MINECRAFT_1920x1080_60_600_2Mbps_VBR_REF.h265:1891.1727999999998:56.032404:28.79678:0.896356:0.885212
