MrFox_BlueBird_1920x1080_30_5.5Mbps_CBR_REF.h265:4668.4720:97.104845:50.283654:0.998593:0.997931
MrFox_BlueBird_1920x1080_30_3.25Mbps_CBR_REF.h265:2887.1552:95.887549:47.413671:0.996905:0.995939
MrFox_BlueBird_1920x1080_30_2.25Mbps_CBR_REF.h265:2032.1736:94.153937:45.491090:0.994791:0.993652
MrFox_BlueBird_1920x1080_30_1.125Mbps_CBR_REF.h265:1037.3312:87.409246:41.889512:0.986951:0.985833
MrFox_BlueBird_1920x1080_30_0.75Mbps_CBR_REF.h265:701.6800:81.540946:39.886516:0.978921:0.978229
