MrFox_BlueBird_1920x1080_30_5.5Mbps_VBR_REF.h265:3245.6544:95.357168:48.191447:0.996571:0.995750
MrFox_BlueBird_1920x1080_30_3.25Mbps_VBR_REF.h265:1926.5672:92.649737:45.296326:0.992825:0.991858
MrFox_BlueBird_1920x1080_30_2.25Mbps_VBR_REF.h265:1337.2304:89.399760:43.311258:0.988490:0.987579
MrFox_BlueBird_1920x1080_30_1.125Mbps_VBR_REF.h265:577.2816:76.874295:38.955729:0.971290:0.971334
MrFox_BlueBird_1920x1080_30_0.75Mbps_VBR_REF.h265:314.7696:62.461948:35.422380:0.951110:0.952255
