park_joy_1920x1080_500_50_35Mbps_CBR_REF.h265:34452.323200000006:98.473041:34.148666:0.992832:0.985999
park_joy_1920x1080_500_50_30Mbps_CBR_REF.h265:29531.2224:97.469831:33.467476:0.991358:0.9836
park_joy_1920x1080_500_50_25Mbps_CBR_REF.h265:24590.6976:95.88188:32.69399:0.989344:0.980384
park_joy_1920x1080_500_50_20Mbps_CBR_REF.h265:19652.8:93.366041:31.78888:0.986252:0.975631
park_joy_1920x1080_500_50_15Mbps_CBR_REF.h265:14750.5136:89.279969:30.682108:0.981326:0.968206
