park_joy_1280x720_50_15Mbps_VBR_REF.h265:14242.096:96.131361:32.504405:0.986334:0.984669
park_joy_1280x720_50_12Mbps_VBR_REF.h265:11406.947199999999:93.835667:31.481382:0.982206:0.980381
park_joy_1280x720_50_10Mbps_VBR_REF.h265:9495.974400000001:91.493972:30.686579:0.978181:0.976243
park_joy_1280x720_50_8Mbps_VBR_REF.h265:7584.627199999999:88.107521:29.760514:0.972024:0.970045
park_joy_1280x720_50_6Mbps_VBR_REF.h265:5684.3512:83.31897:28.651611:0.962721:0.960806
