RedKayak_1920x1080_30_15Mbps_CBR_REF.h265:14879.110736842105:97.572375:41.547006:0.9916:0.987359
RedKayak_1920x1080_30_9Mbps_CBR_REF.h265:8924.298947368421:91.918122:39.586084:0.984444:0.979366
RedKayak_1920x1080_30_6Mbps_CBR_REF.h265:5953.104842105263:85.42986:38.135893:0.975945:0.970549
RedKayak_1920x1080_30_3Mbps_CBR_REF.h265:2970.828210526316:71.391522:35.748686:0.953908:0.94909
RedKayak_1920x1080_30_2Mbps_CBR_REF.h265:1973.1877894736842:62.102922:34.429031:0.93663:0.933075
