RushFieldCuts_1920x1080_30_15Mbps_VBR_REF.h265:12554.555789473685:96.398837:38.87597:0.993928:0.989435
RushFieldCuts_1920x1080_30_9Mbps_VBR_REF.h265:7622.919578947369:93.107062:37.443606:0.990106:0.984879
RushFieldCuts_1920x1080_30_6Mbps_VBR_REF.h265:5151.757894736842:88.849513:36.234249:0.985015:0.979328
RushFieldCuts_1920x1080_30_3Mbps_VBR_REF.h265:2671.3128421052634:77.442008:33.91883:0.969542:0.963749
RushFieldCuts_1920x1080_30_2Mbps_VBR_REF.h265:1808.3246315789474:68.357456:32.409262:0.954839:0.9496
