Sintel_trailer_o537n480_1920x1080_24_2Mbps_CBR_REF.h265:1974.3980:97.944454:50.514496:0.997787:0.997377
Sintel_trailer_o537n480_1920x1080_24_1.5Mbps_CBR_REF.h265:1481.0192:97.003037:49.505276:0.996876:0.996469
Sintel_trailer_o537n480_1920x1080_24_1Mbps_CBR_REF.h265:987.4884:94.975995:48.001523:0.994931:0.994625
Sintel_trailer_o537n480_1920x1080_24_0.5Mbps_CBR_REF.h265:489.9932:88.035391:45.008796:0.988253:0.988694
Sintel_trailer_o537n480_1920x1080_24_0.25Mbps_CBR_REF.h265:244.4396:75.568037:41.474252:0.974216:0.976676
