Sintel_trailer_o537n480_1920x1080_24_2Mbps_VBR_REF.h265:1500.6164:96.623865:49.644368:0.996604:0.996318
Sintel_trailer_o537n480_1920x1080_24_1.5Mbps_VBR_REF.h265:1108.4824:95.279119:48.539284:0.995254:0.995038
Sintel_trailer_o537n480_1920x1080_24_1Mbps_VBR_REF.h265:731.3960:92.668888:46.917688:0.992516:0.992509
Sintel_trailer_o537n480_1920x1080_24_0.5Mbps_VBR_REF.h265:354.5816:83.836881:43.469439:0.982863:0.984038
Sintel_trailer_o537n480_1920x1080_24_0.25Mbps_VBR_REF.h265:123.3536:48.685044:34.653578:0.942044:0.949486
