BoatNF_1280x720_60_12Mbps_CBR_REF.h264:12193.6032:94.473579:34.634020:0.995403:0.993101
BoatNF_1280x720_60_6Mbps_CBR_REF.h264:6054.9904:85.301302:30.967369:0.986523:0.981679
BoatNF_1280x720_60_3Mbps_CBR_REF.h264:3001.9376:69.828966:27.728194:0.962484:0.955867
BoatNF_1280x720_60_1.5Mbps_CBR_REF.h264:1472.5568:46.612970:24.872028:0.901414:0.901108
BoatNF_1280x720_60_1Mbps_CBR_REF.h264:972.2704:29.677841:23.259366:0.831586:0.843946
