bq_terrace_1920x1080p_600_60_24Mbps_CBR_REF.h264:24220.2232:95.526487:34.745635:0.993563:0.984490
bq_terrace_1920x1080p_600_60_12Mbps_CBR_REF.h264:11949.1184:93.464220:33.862521:0.991530:0.980828
bq_terrace_1920x1080p_600_60_6Mbps_CBR_REF.h264:5806.2896:88.627047:32.619435:0.986893:0.974276
bq_terrace_1920x1080p_600_60_3Mbps_CBR_REF.h264:2827.6360:76.501468:30.422875:0.972501:0.956272
bq_terrace_1920x1080p_600_60_2Mbps_CBR_REF.h264:1873.2488:64.398935:28.748898:0.953326:0.934462
