Bunny_1920x1080_24_600_24Mbps_CBR_REF.h264:21165.8294:99.435314:52.245926:0.999620:0.998989
Bunny_1920x1080_24_600_12Mbps_CBR_REF.h264:10818.8304:99.045335:48.542023:0.998746:0.997397
Bunny_1920x1080_24_600_6Mbps_CBR_REF.h264:5385.9574:95.868563:44.716111:0.995774:0.993150
Bunny_1920x1080_24_600_3Mbps_CBR_REF.h264:2667.6502:84.067107:40.722777:0.983732:0.979823
Bunny_1920x1080_24_600_2Mbps_CBR_REF.h264:1761.5392:72.312232:38.264202:0.964471:0.961481
