Cactus_1920x1080_50_24Mbps_CBR_REF.h264:24143.5224:95.582182:37.266842:0.995812:0.988618
Cactus_1920x1080_50_12Mbps_CBR_REF.h264:11900.2984:92.311721:36.097455:0.993553:0.984703
Cactus_1920x1080_50_6Mbps_CBR_REF.h264:5898.7920:83.154648:33.989282:0.985484:0.973368
Cactus_1920x1080_50_3Mbps_CBR_REF.h264:2938.6784:62.473014:31.083214:0.958073:0.942227
Cactus_1920x1080_50_2Mbps_CBR_REF.h264:1959.3376:43.418033:28.984241:0.914603:0.900600
