CSGO_1920x1080_60_24Mbps_CBR_REF.h264:24079.8768:97.660048:45.022165:0.996906:0.993699
CSGO_1920x1080_60_12Mbps_CBR_REF.h264:11956.8768:92.539444:42.925918:0.991541:0.985725
CSGO_1920x1080_60_6Mbps_CBR_REF.h264:5833.9368:82.514479:40.571835:0.974239:0.966585
CSGO_1920x1080_60_3Mbps_CBR_REF.h264:2823.9680:68.666462:37.641476:0.926115:0.923310
CSGO_1920x1080_60_2Mbps_CBR_REF.h264:1816.8104:60.990085:35.672038:0.882308:0.885858
