GTAV_1920x1080_60_600_24Mbps_CBR_REF.h264:23297.6520:92.379446:35.193640:0.985944:0.975216
GTAV_1920x1080_60_600_12Mbps_CBR_REF.h264:11612.8832:79.636570:32.626251:0.964215:0.947847
GTAV_1920x1080_60_600_6Mbps_CBR_REF.h264:5801.7776:61.938854:30.236549:0.915491:0.898351
GTAV_1920x1080_60_600_3Mbps_CBR_REF.h264:2911.1264:42.295328:27.709947:0.823322:0.816349
GTAV_1920x1080_60_600_2Mbps_CBR_REF.h264:1950.8992:32.066520:26.219072:0.750934:0.754556
