Hearthstone_1920x1080_60_24Mbps_CBR_REF.h264:22627.9208:97.017034:46.066407:0.999635:0.998979
Hearthstone_1920x1080_60_12Mbps_CBR_REF.h264:10662.5448:95.884447:43.278150:0.999190:0.998073
Hearthstone_1920x1080_60_6Mbps_CBR_REF.h264:5084.6248:92.928005:39.907036:0.997914:0.995869
Hearthstone_1920x1080_60_3Mbps_CBR_REF.h264:2448.4840:85.421247:36.049986:0.993590:0.989613
Hearthstone_1920x1080_60_2Mbps_CBR_REF.h264:1605.9360:76.847874:33.632737:0.986859:0.981090
