Kimono1_1920x1080_24_24Mbps_CBR_REF.h264:24156.7864:98.792405:42.388932:0.998144:0.994924
Kimono1_1920x1080_24_12Mbps_CBR_REF.h264:12006.6392:97.699916:41.307712:0.996793:0.992697
Kimono1_1920x1080_24_6Mbps_CBR_REF.h264:5706.5152:92.495610:39.772500:0.993264:0.988284
Kimono1_1920x1080_24_3Mbps_CBR_REF.h264:2749.3400:80.513835:37.394581:0.982328:0.976667
Kimono1_1920x1080_24_2Mbps_CBR_REF.h264:1802.1016:69.590554:35.617596:0.967245:0.962166
