MINECRAFT_1920x1080_60_600_24Mbps_CBR_REF.h264:23927.9168:95.644569:34.839045:0.989468:0.981576
MINECRAFT_1920x1080_60_600_12Mbps_CBR_REF.h264:11989.2896:84.607831:31.938057:0.975388:0.962198
MINECRAFT_1920x1080_60_600_6Mbps_CBR_REF.h264:5918.2296:63.220366:29.320136:0.935808:0.919588
MINECRAFT_1920x1080_60_600_3Mbps_CBR_REF.h264:2936.6696:33.786447:26.551860:0.815263:0.811469
MINECRAFT_1920x1080_60_600_2Mbps_CBR_REF.h264:1979.6064:22.339124:25.017658:0.702066:0.711568
