MrFox_BlueBird_1920x1080_30_24Mbps_CBR_REF.h264:17658.3384:97.886255:54.460602:0.999790:0.999519
MrFox_BlueBird_1920x1080_30_12Mbps_CBR_REF.h264:10424.4808:97.201421:50.385540:0.999249:0.998591
MrFox_BlueBird_1920x1080_30_6Mbps_CBR_REF.h264:5551.3536:94.872517:45.762377:0.997275:0.995885
MrFox_BlueBird_1920x1080_30_3Mbps_CBR_REF.h264:2760.5944:86.528568:41.278412:0.989262:0.987357
MrFox_BlueBird_1920x1080_30_2Mbps_CBR_REF.h264:1816.6248:77.035616:38.558461:0.977467:0.975947
