park_joy_1920x1080_500_50_35Mbps_CBR_REF.h264:34389.2184:96.198169:31.978196:0.991834:0.982682
park_joy_1920x1080_500_50_30Mbps_CBR_REF.h264:29443.1632:93.965089:31.268649:0.990002:0.979436
park_joy_1920x1080_500_50_25Mbps_CBR_REF.h264:24491.2048:90.879116:30.443815:0.987265:0.974709
park_joy_1920x1080_500_50_20Mbps_CBR_REF.h264:19563.8472:86.619928:29.475958:0.982969:0.967704
park_joy_1920x1080_500_50_15Mbps_CBR_REF.h264:14654.7680:80.386544:28.298512:0.975642:0.956486
