park_joy_1280x720_50_12Mbps_CBR_REF.h264:11799.4544:88.206401:29.260742:0.977988:0.974519
park_joy_1280x720_50_10Mbps_CBR_REF.h264:9822.6552:84.788493:28.453976:0.972440:0.968735
park_joy_1280x720_50_7.5Mbps_CBR_REF.h264:7361.5288:78.872104:27.273234:0.961534:0.957725
park_joy_1280x720_50_4.5Mbps_CBR_REF.h264:4415.0152:66.684916:25.398876:0.933093:0.930603
park_joy_1280x720_50_3Mbps_CBR_REF.h264:2943.6384:55.758534:24.120265:0.899888:0.900704
