RedKayak_1920x1080_30_24Mbps_CBR_REF.h264:23366.9768:98.087756:41.140101:0.995020:0.990725
RedKayak_1920x1080_30_12Mbps_CBR_REF.h264:11391.2939:88.043385:38.108333:0.986029:0.979462
RedKayak_1920x1080_30_6Mbps_CBR_REF.h264:5670.0244:70.849988:35.249800:0.965138:0.957531
RedKayak_1920x1080_30_3Mbps_CBR_REF.h264:2871.4366:49.458430:32.483635:0.922241:0.917610
RedKayak_1920x1080_30_2Mbps_CBR_REF.h264:1920.9785:36.519617:30.892854:0.882422:0.882839
