RushFieldCuts_1920x1080_30_24Mbps_CBR_REF.h264:24013.0577:97.878839:39.008068:0.997210:0.993294
RushFieldCuts_1920x1080_30_12Mbps_CBR_REF.h264:11907.0952:94.489267:37.028297:0.994140:0.988294
RushFieldCuts_1920x1080_30_6Mbps_CBR_REF.h264:5909.6261:84.032473:34.340296:0.985153:0.976684
RushFieldCuts_1920x1080_30_3Mbps_CBR_REF.h264:2956.5078:62.695282:30.993928:0.957456:0.947042
RushFieldCuts_1920x1080_30_2Mbps_CBR_REF.h264:1978.0514:47.410588:28.918462:0.924009:0.914995
