Sintel_trailer_o537n480_1920x1080_24_9Mbps_CBR_REF.h264:8607.9596:98.925366:51.983008:0.999466:0.999034
Sintel_trailer_o537n480_1920x1080_24_6Mbps_CBR_REF.h264:5700.1360:98.559212:50.403978:0.999065:0.998507
Sintel_trailer_o537n480_1920x1080_24_2Mbps_CBR_REF.h264:1844.0528:90.555727:44.864465:0.994368:0.993668
Sintel_trailer_o537n480_1920x1080_24_1Mbps_CBR_REF.h264:915.9988:69.925616:39.634788:0.976678:0.978261
Sintel_trailer_o537n480_1920x1080_24_0.5Mbps_CBR_REF.h264:456.2964:33.498686:32.767726:0.916767:0.926664
