BasketballDrive_1920x1080_50_24Mbps_VBR_REF.h264:24294.2816:99.79823287391432:39.0746236665377:0.9943668450117111:0.9880750878600445
BasketballDrive_1920x1080_50_12Mbps_VBR_REF.h264:12053.7696:98.98425912448447:37.92569145910549:0.9909491447210312:0.9836979514354878
BasketballDrive_1920x1080_50_6Mbps_VBR_REF.h264:6008.3624:92.26031040973115:36.2955814649893:0.9815974233150482:0.9737241224260156
BasketballDrive_1920x1080_50_3Mbps_VBR_REF.h264:2970.9928:76.96868042014654:33.89474255414041:0.9576710159778595:0.9511683872571485
BasketballDrive_1920x1080_50_2Mbps_VBR_REF.h264:1960.5367999999999:64.28415214686079:32.10962354732436:0.9293889956474304:0.9262709950125683
