BasketballDrive_1920x1080_50_24Mbps_CBR_REF.h264:24433.0832:99.63988717724621:39.02031517728459:0.9939947845935821:0.9876691906704289
BasketballDrive_1920x1080_50_12Mbps_CBR_REF.h264:12086.531200000001:99.03380780040972:37.93290731313314:0.99097063601017:0.9837157108695281
BasketballDrive_1920x1080_50_6Mbps_CBR_REF.h264:6023.666399999999:92.26621088081203:36.29941913989824:0.9815825010538102:0.9737032028403946
BasketballDrive_1920x1080_50_3Mbps_CBR_REF.h264:2977.0584:77.00975034400525:33.89997086139015:0.9577809548377991:0.9512796341492535
BasketballDrive_1920x1080_50_2Mbps_CBR_REF.h264:1966.8727999999999:64.4383874892367:32.12045323503788:0.9297021044492721:0.9265342965498043
