BoatNF_1280x720_60_12Mbps_CBR_REF.h264:12084.590400000001:97.46092596818507:38.1697190002539:0.9974327500661214:0.9968507367781982
BoatNF_1280x720_60_6Mbps_CBR_REF.h264:6029.651199999999:92.41726540321204:34.45507240098983:0.9934739985068639:0.9921251076843819
BoatNF_1280x720_60_3Mbps_CBR_REF.h264:2997.3584:82.82256089438377:30.82714081076849:0.9816954584916433:0.9793040724468597
BoatNF_1280x720_60_1.5Mbps_CBR_REF.h264:1481.2592:68.08579339710778:27.68709469292897:0.9526093471050262:0.9507177455175628
BoatNF_1280x720_60_1Mbps_CBR_REF.h264:981.2687999999999:57.35937903513825:26.08247173022122:0.9215500740210215:0.9220453628694717
