BoatNF_1280x720_60_12Mbps_VBR_REF.h264:12136.2992:97.41184929244724:38.12547928100599:0.997401730020841:0.9968081341962132
BoatNF_1280x720_60_6Mbps_VBR_REF.h264:6071.7392:92.39985159647219:34.44772328214681:0.9934975530703862:0.99214364162076
BoatNF_1280x720_60_3Mbps_VBR_REF.h264:3018.4528000000005:82.82687362933513:30.81098099350488:0.9816634537776311:0.9792507309853075
BoatNF_1280x720_60_1.5Mbps_VBR_REF.h264:1496.6928:68.09574673545534:27.6771766765144:0.9524917109807333:0.9506035631098856
BoatNF_1280x720_60_1Mbps_VBR_REF.h264:989.7504:57.12429200908737:26.04662456079548:0.9206827878952026:0.9212508292544173
