BoatNF_1280x720_60_12Mbps_CBR_REF.h264:12084.590400000001:97.456772:38.169719:0.997594:0.996966
BoatNF_1280x720_60_6Mbps_CBR_REF.h264:6029.651199999999:92.408946:34.455072:0.993641:0.992244
BoatNF_1280x720_60_3Mbps_CBR_REF.h264:2997.3584:82.807557:30.827141:0.981867:0.979426
BoatNF_1280x720_60_1.5Mbps_CBR_REF.h264:1481.2592:68.061073:27.687095:0.952796:0.950852
BoatNF_1280x720_60_1Mbps_CBR_REF.h264:981.2687999999999:57.328506:26.082472:0.921751:0.922192
