bq_terrace_1920x1080p_600_60_24Mbps_VBR_REF.h264:24174.021599999996:97.337088:35.989505:0.992798:0.983993
bq_terrace_1920x1080p_600_60_12Mbps_VBR_REF.h264:11787.536:96.159821:35.11146:0.990342:0.980824
bq_terrace_1920x1080p_600_60_6Mbps_VBR_REF.h264:5721.2872:93.950479:34.279842:0.986818:0.976464
bq_terrace_1920x1080p_600_60_3Mbps_VBR_REF.h264:2797.22:89.368503:33.132566:0.980209:0.96849
bq_terrace_1920x1080p_600_60_2Mbps_VBR_REF.h264:1864.5344:84.594745:32.14366:0.972631:0.959621
