bq_terrace_1920x1080p_600_60_24Mbps_VBR_REF.h264:24174.021599999996:97.34491723830679:35.9895046772462:0.9927743216355641:0.9839467797038413
bq_terrace_1920x1080p_600_60_12Mbps_VBR_REF.h264:11787.536:96.17240033651692:35.1114599053322:0.9903165296713511:0.9807677156150354
bq_terrace_1920x1080p_600_60_6Mbps_VBR_REF.h264:5721.2872:93.97057110719287:34.27984168263933:0.9867878369490306:0.9763981866651864
bq_terrace_1920x1080p_600_60_3Mbps_VBR_REF.h264:2797.22:89.39535820866304:33.13256579197652:0.9801748482386271:0.9684154002712995
bq_terrace_1920x1080p_600_60_2Mbps_VBR_REF.h264:1864.5344:84.62624885407325:32.14365982387341:0.9725893968343735:0.9595363773747183
