bq_terrace_1920x1080p_600_60_24Mbps_CBR_REF.h264:24578.993599999998:97.300985:35.987278:0.992604:0.983785
bq_terrace_1920x1080p_600_60_12Mbps_CBR_REF.h264:12085.78:96.252184:35.148778:0.990505:0.981015
bq_terrace_1920x1080p_600_60_6Mbps_CBR_REF.h264:5986.940799999999:94.350775:34.377069:0.987259:0.976993
bq_terrace_1920x1080p_600_60_3Mbps_CBR_REF.h264:2957.3071999999997:90.246279:33.304108:0.981163:0.969663
bq_terrace_1920x1080p_600_60_2Mbps_CBR_REF.h264:1951.6976000000002:85.665637:32.335579:0.974114:0.961345
