bq_terrace_1920x1080p_600_60_24Mbps_CBR_REF.h264:24578.993599999998:97.30909972092464:35.98727766568002:0.9925809536377589:0.9837380583378428
bq_terrace_1920x1080p_600_60_12Mbps_CBR_REF.h264:12085.78:96.2634012869076:35.14877817890473:0.990479386150837:0.9809582853245135
bq_terrace_1920x1080p_600_60_6Mbps_CBR_REF.h264:5986.940799999999:94.36994816451242:34.37706881438037:0.9872292637825012:0.9769273833928716
bq_terrace_1920x1080p_600_60_3Mbps_CBR_REF.h264:2957.3071999999997:90.27278489569395:33.30410794279183:0.9811285638809204:0.9695883809506026
bq_terrace_1920x1080p_600_60_2Mbps_CBR_REF.h264:1951.6976000000002:85.69598978704319:32.33557934602789:0.9740721449255944:0.9612600552063956
