Bunny_1920x1080_24_600_24Mbps_VBR_REF.h264:21523.8112:99.2899037507906:52.84262833103795:0.9992212774356206:0.9988603072086568
Bunny_1920x1080_24_600_12Mbps_VBR_REF.h264:10850.46816:98.82095593321579:49.3333908829218:0.9986168622970581:0.9978621966688894
Bunny_1920x1080_24_600_6Mbps_VBR_REF.h264:5475.453759999999:97.56411163479557:46.16220180119285:0.9971659298737844:0.9958923430991894
Bunny_1920x1080_24_600_3Mbps_VBR_REF.h264:2760.6601600000004:93.64843680835794:42.87028337141867:0.993377519150575:0.9914486249700771
Bunny_1920x1080_24_600_2Mbps_VBR_REF.h264:1848.736:88.22276403914611:40.7844888825995:0.9885669193665186:0.9862813445489426
