Bunny_1920x1080_24_600_24Mbps_VBR_REF.h264:21523.8112:99.28495:52.842628:0.999695:0.999301
Bunny_1920x1080_24_600_12Mbps_VBR_REF.h264:10850.46816:98.814646:49.333391:0.999112:0.998326
Bunny_1920x1080_24_600_6Mbps_VBR_REF.h264:5475.453759999999:97.55383:46.162202:0.997707:0.996399
Bunny_1920x1080_24_600_3Mbps_VBR_REF.h264:2760.6601600000004:93.631446:42.870283:0.993987:0.992011
Bunny_1920x1080_24_600_2Mbps_VBR_REF.h264:1848.736:88.199717:40.784489:0.989225:0.986883
