Bunny_1920x1080_24_600_24Mbps_CBR_REF.h264:22200.71712:99.25772669016503:52.81063038058146:0.9991902142763138:0.9988163755163523
Bunny_1920x1080_24_600_12Mbps_CBR_REF.h264:11275.384960000001:98.72894282840193:49.27473852403616:0.9985549889008204:0.9977966437863034
Bunny_1920x1080_24_600_6Mbps_CBR_REF.h264:5770.392:97.39747942936671:46.11901689263317:0.9970676027735075:0.9958087370279265
Bunny_1920x1080_24_600_3Mbps_CBR_REF.h264:2923.05504:93.18797886204985:42.7918791611965:0.9931719482938448:0.9913010518497058
Bunny_1920x1080_24_600_2Mbps_CBR_REF.h264:1958.28256:87.5213814245555:40.67658960103911:0.9882443276047707:0.986081973341343
