Cactus_1920x1080_50_24Mbps_CBR_REF.h264:23871.572:97.043069901775:38.30796409880181:0.9950610641241073:0.9883980635289347
Cactus_1920x1080_50_12Mbps_CBR_REF.h264:11726.2144:95.48088347059218:37.55519031567373:0.9935459471940994:0.9862344819357358
Cactus_1920x1080_50_6Mbps_CBR_REF.h264:5847.6648:91.58192240374935:36.38448684959184:0.9893839707374573:0.9809885570775426
Cactus_1920x1080_50_3Mbps_CBR_REF.h264:2907.0344:82.4555037403605:34.38737300166491:0.9776460291147232:0.9675164689900704
Cactus_1920x1080_50_2Mbps_CBR_REF.h264:1939.6047999999998:74.02621758914087:32.93091506072194:0.963158935546875:0.9522217525060789
