Cactus_1920x1080_50_24Mbps_VBR_REF.h264:23520.578400000002:97.595932:38.444935:0.995668:0.989167
Cactus_1920x1080_50_12Mbps_VBR_REF.h264:11657.3192:95.463054:37.547074:0.993528:0.986234
Cactus_1920x1080_50_6Mbps_VBR_REF.h264:5815.3816:91.462261:36.357504:0.989232:0.980858
Cactus_1920x1080_50_3Mbps_VBR_REF.h264:2883.3624:82.286931:34.352774:0.977288:0.967196
Cactus_1920x1080_50_2Mbps_VBR_REF.h264:1921.1376:73.827968:32.896821:0.962635:0.951818
