Cactus_1920x1080_50_24Mbps_VBR_REF.h264:23520.578400000002:97.60561132979699:38.44493518699573:0.9956631066799164:0.9891435809358797
Cactus_1920x1080_50_12Mbps_VBR_REF.h264:11657.3192:95.47535791725211:37.54707428957278:0.9935216375589371:0.9862002204095806
Cactus_1920x1080_50_6Mbps_VBR_REF.h264:5815.3816:91.47751961901902:36.35750350027254:0.9892245936393738:0.980811019811918
Cactus_1920x1080_50_3Mbps_VBR_REF.h264:2883.3624:82.31133187337367:34.35277370956817:0.9772748733758927:0.9671431823023117
Cactus_1920x1080_50_2Mbps_VBR_REF.h264:1921.1376:73.85655878612391:32.89682141277696:0.9626184483766556:0.9517605098396243
