crowd_run_1920x1080p_500_50_35Mbps_VBR_REF.h264:34250.148:98.29819950106875:35.6002586169198:0.9940846827030182:0.9870103032741823
crowd_run_1920x1080p_500_50_30Mbps_VBR_REF.h264:29369.699200000003:97.37054028921577:34.97470449842817:0.9930226051807404:0.985092800628345
crowd_run_1920x1080p_500_50_25Mbps_VBR_REF.h264:24527.657600000002:95.83967639853181:34.2282180838476:0.9914383572340012:0.982297247877203
crowd_run_1920x1080p_500_50_20Mbps_VBR_REF.h264:19599.6688:93.2262453881934:33.29962966955625:0.9889629400968551:0.9780658360591271
crowd_run_1920x1080p_500_50_15Mbps_VBR_REF.h264:14694.099199999999:88.73139834313075:32.09621732274351:0.9843471140861512:0.9707304068621697
