crowd_run_1920x1080p_500_50_35Mbps_CBR_REF.h264:35151.7616:96.67515001305236:35.18442901674896:0.9927582935094833:0.9848880314723002
crowd_run_1920x1080p_500_50_30Mbps_CBR_REF.h264:30088.9544:95.62573930634237:34.57344277780032:0.9916304134130478:0.9828471051589586
crowd_run_1920x1080p_500_50_25Mbps_CBR_REF.h264:25038.229600000002:93.91306109246096:33.83271185997413:0.9897469817399979:0.9797094854806039
crowd_run_1920x1080p_500_50_20Mbps_CBR_REF.h264:19982.1328:91.2964782928596:32.94189683079105:0.9869893398284912:0.9752166626790078
crowd_run_1920x1080p_500_50_15Mbps_CBR_REF.h264:14977.162400000001:86.92000832816956:31.82250418365757:0.9822308895587921:0.967941687932096
