crowd_run_1280x720_50_15Mbps_CBR_REF.h264:15022.776:95.04167503428842:33.42901875622491:0.9889051088094711:0.9862959426108526
crowd_run_1280x720_50_12Mbps_CBR_REF.h264:11998.412:92.28421788890726:32.33772710309852:0.9851844878196716:0.9821894663602739
crowd_run_1280x720_50_10Mbps_CBR_REF.h264:10021.742400000001:89.61242093196974:31.49423301505542:0.9814925028085708:0.9782158898844481
crowd_run_1280x720_50_8Mbps_CBR_REF.h264:8019.8704:85.67594313696512:30.49975886969761:0.9755282282829285:0.9720974852049727
crowd_run_1280x720_50_6Mbps_CBR_REF.h264:6020.88:79.80622004967017:29.28034206602857:0.9655889773368835:0.9622601724155756
