crowd_run_1280x720_50_15Mbps_VBR_REF.h264:14822.696:95.60542862818522:33.55311555809767:0.9895061837434769:0.9869738771828321
crowd_run_1280x720_50_12Mbps_VBR_REF.h264:11851.2712:92.9167388141313:32.45806918036413:0.9860357974767685:0.9830885135330868
crowd_run_1280x720_50_10Mbps_VBR_REF.h264:9893.192:90.28673736858372:31.60663270356519:0.982425266623497:0.9791581003087811
crowd_run_1280x720_50_8Mbps_VBR_REF.h264:7930.5488:86.4696619642359:30.61076848415103:0.9768153420686722:0.9733336439777279
crowd_run_1280x720_50_6Mbps_VBR_REF.h264:5942.104:80.5398976546175:29.35941722047246:0.9668255803585053:0.96337440186653
