crowd_run_1920x1080p_500_50_35Mbps_CBR_REF.h264:35151.7616:96.661355:35.184429:0.992761:0.984908
crowd_run_1920x1080p_500_50_30Mbps_CBR_REF.h264:30088.9544:95.609568:34.573443:0.991633:0.982866
crowd_run_1920x1080p_500_50_25Mbps_CBR_REF.h264:25038.229600000002:93.89304:33.832712:0.98975:0.979729
crowd_run_1920x1080p_500_50_20Mbps_CBR_REF.h264:19982.1328:91.271055:32.941897:0.986993:0.975239
crowd_run_1920x1080p_500_50_15Mbps_CBR_REF.h264:14977.162400000001:86.889373:31.822504:0.982235:0.967966
