CSGO_1920x1080_60_24Mbps_VBR_REF.h264:36018.289600000004:98.712879:49.386893:0.998599:0.997198
CSGO_1920x1080_60_12Mbps_VBR_REF.h264:17401.907199999998:98.338305:47.517042:0.996854:0.994289
CSGO_1920x1080_60_6Mbps_VBR_REF.h264:7935.436:95.827213:45.662052:0.992747:0.988528
CSGO_1920x1080_60_3Mbps_VBR_REF.h264:3817.7296:89.151812:43.540419:0.982733:0.976793
CSGO_1920x1080_60_2Mbps_VBR_REF.h264:2561.4592:83.257091:41.881583:0.970729:0.96455
