CSGO_1920x1080_60_24Mbps_VBR_REF.h264:36018.289600000004:98.71481478439715:49.38689325110857:0.9985925900936127:0.9971858812828149
CSGO_1920x1080_60_12Mbps_VBR_REF.h264:17401.907199999998:98.34275286902871:47.51704233264266:0.9968463015556336:0.9942760544533322
CSGO_1920x1080_60_6Mbps_VBR_REF.h264:7935.436:95.83884551008666:45.66205193466667:0.9927382766207059:0.9885133842833527
CSGO_1920x1080_60_3Mbps_VBR_REF.h264:3817.7296:89.16833943942656:43.54041910382625:0.9827234062552452:0.9767764994652954
CSGO_1920x1080_60_2Mbps_VBR_REF.h264:2561.4592:83.27702374359525:41.88158264916672:0.9707182710369427:0.9645334470269973
