CSGO_1920x1080_60_24Mbps_CBR_REF.h264:41048.176:98.73423071477087:49.62349408729349:0.9985131571690241:0.9970633112388447
CSGO_1920x1080_60_12Mbps_CBR_REF.h264:21530.885599999998:98.24001473897533:47.85720025872938:0.99657985885938:0.9939210306462672
CSGO_1920x1080_60_6Mbps_CBR_REF.h264:11142.7712:95.48926511740751:46.21052945985995:0.9921221356590589:0.9878839389369449
CSGO_1920x1080_60_3Mbps_CBR_REF.h264:5561.3952:89.6680320057124:44.35628818957093:0.9819901160399119:0.976420692133865
CSGO_1920x1080_60_2Mbps_CBR_REF.h264:3638.5696000000003:84.9450635581107:42.87170340727532:0.9707787807782491:0.9651905487034327
