DinnerScene_1920x1080_60_4Mbps_VBR_REF.h264:3750.2032:93.58121181838752:43.44755442802832:0.9954651353756586:0.9917861778901751
DinnerScene_1920x1080_60_3Mbps_VBR_REF.h264:2386.4303999999997:92.85498118810183:43.27992606290935:0.9949798658490181:0.991317001842124
DinnerScene_1920x1080_60_2Mbps_VBR_REF.h264:1253.1176:91.30098466407092:42.92199073360567:0.9939667570590973:0.9903728561647714
DinnerScene_1920x1080_60_1.5Mbps_VBR_REF.h264:835.0536:89.57060214694059:42.53833778409669:0.9927063118418058:0.9892284116950331
DinnerScene_1920x1080_60_1Mbps_VBR_REF.h264:501.81440000000003:85.85939634987551:41.74183240771577:0.9897372750441233:0.9866128691165644
