DinnerScene_1920x1080_60_4Mbps_CBR_REF.h264:3934.4728:93.67307254471352:43.47193756651513:0.9955010130008062:0.9918309318049249
DinnerScene_1920x1080_60_3Mbps_CBR_REF.h264:2927.0224:93.14175401830441:43.33578933682185:0.9951069606343905:0.9914523295232016
DinnerScene_1920x1080_60_2Mbps_CBR_REF.h264:1920.4935999999998:92.14374087159527:43.1002419965281:0.9943875564138095:0.9907905121151606
DinnerScene_1920x1080_60_1.5Mbps_CBR_REF.h264:1417.2927999999997:91.04357195917797:42.84644525130883:0.9935124326745669:0.9899810456738061
DinnerScene_1920x1080_60_1Mbps_CBR_REF.h264:903.6976:88.55109417137086:42.29534910183782:0.9913638274868329:0.988092593561379
