DinnerScene_1920x1080_60_4Mbps_VBR_REF.h264:3750.2032:93.572299:43.447554:0.995469:0.991795
DinnerScene_1920x1080_60_3Mbps_VBR_REF.h264:2386.4303999999997:92.845514:43.279926:0.994985:0.991327
DinnerScene_1920x1080_60_2Mbps_VBR_REF.h264:1253.1176:91.289742:42.921991:0.993973:0.990384
DinnerScene_1920x1080_60_1.5Mbps_VBR_REF.h264:835.0536:89.559636:42.538338:0.992713:0.98924
DinnerScene_1920x1080_60_1Mbps_VBR_REF.h264:501.81440000000003:85.844511:41.741832:0.989746:0.986626
