DOTA2_1920x1080_60_600_24Mbps_VBR_REF.h264:24284.7072:98.66290609910834:44.97051615245818:0.9980180249611537:0.9964379599497416
DOTA2_1920x1080_60_600_12Mbps_VBR_REF.h264:12127.529600000002:97.18976693106163:42.58470829536752:0.9960720882813136:0.9934838572217926
DOTA2_1920x1080_60_600_6Mbps_VBR_REF.h264:6008.2304:94.13199961329485:40.18752467706939:0.9916613930463791:0.9876442415381144
DOTA2_1920x1080_60_600_3Mbps_VBR_REF.h264:2924.5024:87.3056958698293:37.56051817201438:0.9807223440210024:0.9753470310259902
DOTA2_1920x1080_60_600_2Mbps_VBR_REF.h264:1926.7712:80.28381424329645:35.89606547393236:0.9681056785583496:0.9626699422412819
