DOTA2_1920x1080_60_600_24Mbps_CBR_REF.h264:24297.470400000002:98.67497307420761:44.9841822471296:0.9980307270089785:0.996453068144766
DOTA2_1920x1080_60_600_12Mbps_CBR_REF.h264:12178.188799999998:97.24851272474888:42.61567881956384:0.9961033133665721:0.9935225055457084
DOTA2_1920x1080_60_600_6Mbps_CBR_REF.h264:6039.0976:94.19673333795431:40.22538224901982:0.9917685302098592:0.9877629515022751
DOTA2_1920x1080_60_600_3Mbps_CBR_REF.h264:2956.2424:87.59577358774258:37.64807598989754:0.9811958508690198:0.9758634320265968
DOTA2_1920x1080_60_600_2Mbps_CBR_REF.h264:1952.5696:80.74780318109063:35.9965885688204:0.9689118305842082:0.9634654212553014
