FoodMarket2NF_1280x720_60_12Mbps_CBR_REF.h264:11415.448:99.32939743087523:41.25863292837864:0.9976889602343242:0.9970222391170154
FoodMarket2NF_1280x720_60_6Mbps_CBR_REF.h264:5568.524800000001:98.44624014593889:38.24544806814306:0.9942902330557505:0.9931675515826079
FoodMarket2NF_1280x720_60_3Mbps_CBR_REF.h264:2723.1023999999998:94.32774453180457:35.00112869944093:0.9847572386264801:0.9835218568856748
FoodMarket2NF_1280x720_60_1.5Mbps_CBR_REF.h264:1332.9167999999997:81.75481117328243:31.56552811971467:0.9605094218254089:0.9611470914427652
FoodMarket2NF_1280x720_60_1Mbps_CBR_REF.h264:877.1167999999999:69.65197905804007:29.47202504366262:0.9317385188738505:0.9361972305286108
