FoodMarket2NF_1280x720_60_12Mbps_VBR_REF.h264:11494.3312:99.33300982656662:41.23781529596279:0.9976585865020752:0.9969944770766337
FoodMarket2NF_1280x720_60_6Mbps_VBR_REF.h264:5580.8128:98.48889793578107:38.16152620335593:0.994060551126798:0.9929475079020688
FoodMarket2NF_1280x720_60_3Mbps_VBR_REF.h264:2673.4416:93.3396543918856:34.74012789812731:0.9833763821919759:0.9821954842671281
FoodMarket2NF_1280x720_60_1.5Mbps_VBR_REF.h264:1306.4336:79.6481337247917:31.29009441895179:0.9562633005777995:0.9575378077845879
FoodMarket2NF_1280x720_60_1Mbps_VBR_REF.h264:850.0063999999999:66.84412533741228:29.15981937375012:0.9237909070650736:0.929666635493615
