FoodMarket2NF_1280x720_60_12Mbps_CBR_REF.h264:11415.448:99.327542:41.258633:0.997716:0.997041
FoodMarket2NF_1280x720_60_6Mbps_CBR_REF.h264:5568.524800000001:98.442846:38.245448:0.994317:0.993187
FoodMarket2NF_1280x720_60_3Mbps_CBR_REF.h264:2723.1023999999998:94.313725:35.001129:0.984785:0.983541
FoodMarket2NF_1280x720_60_1.5Mbps_CBR_REF.h264:1332.9167999999997:81.728405:31.565528:0.960537:0.961167
FoodMarket2NF_1280x720_60_1Mbps_CBR_REF.h264:877.1167999999999:69.617681:29.472025:0.931766:0.936218
