GTAV_1920x1080_60_600_24Mbps_CBR_REF.h264:25031.2872:94.98470362522636:36.54775151707015:0.9844136185447375:0.9755440124570005
GTAV_1920x1080_60_600_12Mbps_CBR_REF.h264:12581.1536:85.34184082309125:34.09954282253103:0.9642919437090556:0.9514864563188129
GTAV_1920x1080_60_600_6Mbps_CBR_REF.h264:6379.3176:72.78641601954018:31.94564747901398:0.9288658563296001:0.9147003084113879
GTAV_1920x1080_60_600_3Mbps_CBR_REF.h264:3258.9096:58.60202211864502:29.89329313392214:0.8731977574030558:0.8625161470560446
GTAV_1920x1080_60_600_2Mbps_CBR_REF.h264:2200.192:50.33611708703447:28.70575604156875:0.8311468309164047:0.8249161467257643
