GTAV_1920x1080_60_600_24Mbps_VBR_REF.h264:24985.087199999998:94.973072:36.533847:0.984574:0.975694
GTAV_1920x1080_60_600_12Mbps_VBR_REF.h264:12556.8064:85.33675:34.088914:0.96453:0.951725
GTAV_1920x1080_60_600_6Mbps_VBR_REF.h264:6365.9992:72.756309:31.928088:0.928882:0.914717
GTAV_1920x1080_60_600_3Mbps_VBR_REF.h264:3250.0:58.59599:29.879553:0.873413:0.862641
GTAV_1920x1080_60_600_2Mbps_VBR_REF.h264:2194.068:50.265767:28.692289:0.830987:0.82479
