GTAV_1920x1080_60_600_24Mbps_VBR_REF.h264:24985.087199999998:94.98536639853224:36.53384719588612:0.984423181116581:0.9755539759706452
GTAV_1920x1080_60_600_12Mbps_VBR_REF.h264:12556.8064:85.35819127448467:34.08891429688849:0.9643759812911351:0.9515813814109002
GTAV_1920x1080_60_600_6Mbps_VBR_REF.h264:6365.9992:72.78597697345448:31.92808828713491:0.9287220118443171:0.9145688683693548
GTAV_1920x1080_60_600_3Mbps_VBR_REF.h264:3250.0:58.62975325481197:29.87955289879593:0.8732511538267136:0.8624924668622972
GTAV_1920x1080_60_600_2Mbps_VBR_REF.h264:2194.068:50.299240237955:28.69228940723155:0.830822599430879:0.8246405183609832
