Hearthstone_1920x1080_60_24Mbps_VBR_REF.h264:22898.3056:97.79405961069129:51.98180872518574:0.9996951189637184:0.999399846215915
Hearthstone_1920x1080_60_12Mbps_VBR_REF.h264:11120.3656:97.56865449764891:49.89747930333513:0.9994457200169563:0.9990482657376477
Hearthstone_1920x1080_60_6Mbps_VBR_REF.h264:5612.856:96.89836061794394:46.8584139524331:0.998779589633147:0.998204101607133
Hearthstone_1920x1080_60_3Mbps_VBR_REF.h264:2793.9447999999998:94.97838921884299:42.95394938768014:0.9970597776770592:0.9961245183285039
Hearthstone_1920x1080_60_2Mbps_VBR_REF.h264:1854.1712:92.75875855538621:40.52480758421022:0.9951479107141494:0.9938400391118777
