Hearthstone_1920x1080_60_24Mbps_VBR_REF.h264:22898.3056:97.786895:51.981809:0.999698:0.99941
Hearthstone_1920x1080_60_12Mbps_VBR_REF.h264:11120.3656:97.560723:49.897479:0.999449:0.999063
Hearthstone_1920x1080_60_6Mbps_VBR_REF.h264:5612.856:96.888323:46.858414:0.998786:0.998227
Hearthstone_1920x1080_60_3Mbps_VBR_REF.h264:2793.9447999999998:94.962016:42.953949:0.997074:0.996161
Hearthstone_1920x1080_60_2Mbps_VBR_REF.h264:1854.1712:92.736844:40.524808:0.995175:0.99389
