Hearthstone_1920x1080_60_24Mbps_CBR_REF.h264:23719.936:97.790446:52.100392:0.999716:0.999436
Hearthstone_1920x1080_60_12Mbps_CBR_REF.h264:12230.6072:97.566421:50.061013:0.999486:0.999116
Hearthstone_1920x1080_60_6Mbps_CBR_REF.h264:6219.9744:96.917817:47.049832:0.998906:0.998366
Hearthstone_1920x1080_60_3Mbps_CBR_REF.h264:3026.6175999999996:95.185933:43.271769:0.997397:0.996531
Hearthstone_1920x1080_60_2Mbps_CBR_REF.h264:1983.5560000000003:93.160414:40.927991:0.995689:0.994467
