Hearthstone_1920x1080_60_24Mbps_CBR_REF.h264:23719.936:97.79766908885287:52.10039231520117:0.9997139879067739:0.9994269900309295
Hearthstone_1920x1080_60_12Mbps_CBR_REF.h264:12230.6072:97.57492180980469:50.06101313180879:0.9994830974936485:0.9991020698637859
Hearthstone_1920x1080_60_6Mbps_CBR_REF.h264:6219.9744:96.92807667982792:47.04983214206825:0.9988995966315269:0.9983452163464688
Hearthstone_1920x1080_60_3Mbps_CBR_REF.h264:3026.6175999999996:95.20081325068662:43.27176946495501:0.9973846616347631:0.9964980158763408
Hearthstone_1920x1080_60_2Mbps_CBR_REF.h264:1983.5560000000003:93.17969272271199:40.92799059346641:0.995665501455466:0.9944212271444243
