Kimono1_1280x720_24_12Mbps_VBR_REF.h264:10923.3656:99.312447:45.001378:0.997388:0.996748
Kimono1_1280x720_24_6Mbps_VBR_REF.h264:5139.8:98.252203:43.030937:0.995224:0.994719
Kimono1_1280x720_24_3Mbps_VBR_REF.h264:2455.9968:94.165946:40.593013:0.989371:0.98974
Kimono1_1280x720_24_1.5Mbps_VBR_REF.h264:1202.0736000000002:85.466954:37.760718:0.975329:0.978383
Kimono1_1280x720_24_1Mbps_VBR_REF.h264:795.6672000000001:78.112987:36.048753:0.960337:0.966596
