Kimono1_1920x1080_24_24Mbps_VBR_REF.h264:23164.981600000003:98.98328243264088:43.30923612749994:0.997490136573712:0.9945726425424246
Kimono1_1920x1080_24_12Mbps_VBR_REF.h264:10796.888:97.88918447056781:42.07551649862221:0.9960360584159692:0.9925251997365557
Kimono1_1920x1080_24_6Mbps_VBR_REF.h264:5028.5488:94.55241493829479:40.78729860449623:0.9929226823151112:0.9890659641733859
Kimono1_1920x1080_24_3Mbps_VBR_REF.h264:2405.1575999999995:85.79063713549878:38.72791218461641:0.9838572315871715:0.9800749461604795
Kimono1_1920x1080_24_2Mbps_VBR_REF.h264:1590.0432000000003:78.26409367186601:37.24996611045712:0.9736203998327255:0.9704365589451355
