Kimono1_1280x720_24_12Mbps_CBR_REF.h264:11089.0096:99.35796095695336:45.04818915235289:0.9974321939051152:0.9967765812313086
Kimono1_1280x720_24_6Mbps_CBR_REF.h264:5216.344:98.39111659402695:43.08808458985641:0.995345352590084:0.9948094250805352
Kimono1_1280x720_24_3Mbps_CBR_REF.h264:2495.308:94.43978282419833:40.66754414466576:0.9897137160102526:0.9900018950933994
Kimono1_1280x720_24_1.5Mbps_CBR_REF.h264:1218.2736:85.88555460959704:37.82608086372871:0.976071049273014:0.97893155388536
Kimono1_1280x720_24_1Mbps_CBR_REF.h264:806.04:78.45579540493767:36.08724839940437:0.961176872253418:0.9671958638611328
