Kimono1_1920x1080_24_24Mbps_CBR_REF.h264:24305.9856:98.39607104451814:43.27431532121383:0.9968304475148518:0.993903538248819
Kimono1_1920x1080_24_12Mbps_CBR_REF.h264:10980.7904:96.9390552945302:41.90584356597897:0.9951192528009415:0.9916840337337376
Kimono1_1920x1080_24_6Mbps_CBR_REF.h264:5131.796:94.33854301330061:40.76576429473952:0.9927315404017766:0.9889031476844725
Kimono1_1920x1080_24_3Mbps_CBR_REF.h264:2454.9087999999997:85.95514777236733:38.74379444752154:0.9838589405020078:0.9800810053853019
Kimono1_1920x1080_24_2Mbps_CBR_REF.h264:1615.2552000000003:78.38762553257173:37.25771477984992:0.9735607797900836:0.9703844521808097
