Kimono1_1280x720_24_12Mbps_VBR_REF.h264:10923.3656:99.31445365921527:45.0013784486669:0.9973762807746728:0.9967280700368614
Kimono1_1280x720_24_6Mbps_VBR_REF.h264:5139.8:98.25662196635048:43.03093690105682:0.9952100465695063:0.9946974431780902
Kimono1_1280x720_24_3Mbps_VBR_REF.h264:2455.9968:94.17755659311834:40.59301289705334:0.989354091634353:0.9897172711629547
Kimono1_1280x720_24_1.5Mbps_VBR_REF.h264:1202.0736000000002:85.48807367772079:37.76071821756211:0.9753056466579437:0.9783573748156748
Kimono1_1280x720_24_1Mbps_VBR_REF.h264:795.6672000000001:78.14014215433257:36.04875332394022:0.9603136703372002:0.9665694126346853
