MINECRAFT_1920x1080_60_600_24Mbps_CBR_REF.h264:25159.873600000003:97.74256336639208:36.27441942119749:0.9895446632305781:0.9833493529060328
MINECRAFT_1920x1080_60_600_12Mbps_CBR_REF.h264:12052.9088:88.89763731355227:33.25908585670081:0.9744830463329951:0.9639411602664326
MINECRAFT_1920x1080_60_600_6Mbps_CBR_REF.h264:5832.5055999999995:72.34525516322486:30.71671793448326:0.9396066645781199:0.9265899236191057
MINECRAFT_1920x1080_60_600_3Mbps_CBR_REF.h264:2863.1528:51.50929068243084:28.33682562182077:0.8623140668869018:0.8557154072981753
MINECRAFT_1920x1080_60_600_2Mbps_CBR_REF.h264:1910.3791999999999:40.28371271868055:26.92988526309916:0.7892249367634455:0.7913501537208468
