MINECRAFT_1920x1080_60_600_24Mbps_VBR_REF.h264:24983.972:97.9522083179879:36.3422223487844:0.9899897562464078:0.9839111800550107
MINECRAFT_1920x1080_60_600_12Mbps_VBR_REF.h264:11993.943200000002:89.65669321993737:33.34715191788911:0.9759927886724472:0.9655590169569485
MINECRAFT_1920x1080_60_600_6Mbps_VBR_REF.h264:5778.7424:72.67677765940756:30.73859915147711:0.9408880987763405:0.9277102175778623
MINECRAFT_1920x1080_60_600_3Mbps_VBR_REF.h264:2849.7368:51.65378728322779:28.34880562628815:0.8631845435500145:0.856416618607544
MINECRAFT_1920x1080_60_600_2Mbps_VBR_REF.h264:1902.412:40.25508022993127:26.93662817581524:0.7898899252216022:0.7919008967545126
