MrFox_BlueBird_1920x1080_30_24Mbps_VBR_REF.h264:17257.959199999998:98.16149623687187:57.23677049482086:0.9997136614720027:0.9995545705001264
MrFox_BlueBird_1920x1080_30_12Mbps_VBR_REF.h264:8891.4624:97.92597205471093:53.76251136299187:0.9993849241733551:0.9990106354303604
MrFox_BlueBird_1920x1080_30_6Mbps_VBR_REF.h264:4569.1504:97.18287938108092:49.27256135574446:0.9982231599092484:0.9974788612147614
MrFox_BlueBird_1920x1080_30_3Mbps_VBR_REF.h264:2265.2832000000003:94.51705221091024:44.70150774978588:0.994384253025055:0.9932215260770816
MrFox_BlueBird_1920x1080_30_2Mbps_VBR_REF.h264:1493.5544:90.14034107308551:42.05274062366099:0.9891245118776957:0.9879084425292035
