MrFox_BlueBird_1920x1080_30_24Mbps_CBR_REF.h264:18901.1704:98.17558016764809:57.61575767480748:0.9997337361176809:0.9995940756414071
MrFox_BlueBird_1920x1080_30_12Mbps_CBR_REF.h264:9742.284:97.96581270338675:54.35033653820027:0.9994580781459809:0.9991258900695207
MrFox_BlueBird_1920x1080_30_6Mbps_CBR_REF.h264:4865.1656:97.32772993609188:49.74684725472544:0.9984835503498714:0.9978088494071405
MrFox_BlueBird_1920x1080_30_3Mbps_CBR_REF.h264:2413.5184:95.04265659277411:45.20480640313942:0.9951154094934463:0.994015760101216
MrFox_BlueBird_1920x1080_30_2Mbps_CBR_REF.h264:1595.7176000000002:91.21220004342017:42.57414375873864:0.99053690969944:0.9893258711806252
