MrFox_BlueBird_1920x1080_30_24Mbps_CBR_REF.h264:18901.1704:98.161322:57.615758:0.99991:0.999805
MrFox_BlueBird_1920x1080_30_12Mbps_CBR_REF.h264:9742.284:97.94813:54.350337:0.999636:0.999342
MrFox_BlueBird_1920x1080_30_6Mbps_CBR_REF.h264:4865.1656:97.311185:49.746847:0.998673:0.998042
MrFox_BlueBird_1920x1080_30_3Mbps_CBR_REF.h264:2413.5184:95.019435:45.204806:0.995345:0.994293
MrFox_BlueBird_1920x1080_30_2Mbps_CBR_REF.h264:1595.7176000000002:91.184053:42.574144:0.990793:0.989635
