park_joy_1920x1080_500_50_35Mbps_CBR_REF.h264:34188.99280000001:96.553788:33.288055:0.98941:0.981398
park_joy_1920x1080_500_50_30Mbps_CBR_REF.h264:29211.171999999995:95.050376:32.636556:0.987502:0.978508
park_joy_1920x1080_500_50_25Mbps_CBR_REF.h264:24323.508:92.826598:31.885704:0.984789:0.974497
park_joy_1920x1080_500_50_20Mbps_CBR_REF.h264:19442.799199999998:89.578791:31.018158:0.980938:0.968912
park_joy_1920x1080_500_50_15Mbps_CBR_REF.h264:14525.7136:84.648437:29.902929:0.97426:0.95953
