park_joy_1280x720_50_15Mbps_VBR_REF.h264:14225.6832:94.406824:31.97193:0.983166:0.981608
park_joy_1280x720_50_12Mbps_VBR_REF.h264:11390.9736:91.682002:30.974371:0.978456:0.976812
park_joy_1280x720_50_10Mbps_VBR_REF.h264:9479.2984:89.06506:30.200355:0.973837:0.972192
park_joy_1280x720_50_8Mbps_VBR_REF.h264:7564.8696:85.539139:29.279938:0.967036:0.965407
park_joy_1280x720_50_6Mbps_VBR_REF.h264:5668.928:80.427956:28.18804:0.956292:0.954938
