ParkScene_1280x720_24_12Mbps_CBR_REF.h264:11559.192:98.28136999087592:43.19565356383744:0.9970324620604515:0.9964300798725454
ParkScene_1280x720_24_6Mbps_CBR_REF.h264:5650.914400000001:96.45836123064161:40.79713539791477:0.994930827865998:0.9942118778016568
ParkScene_1280x720_24_3Mbps_CBR_REF.h264:2787.5984:93.05353762544836:38.2208031464726:0.9904301459590594:0.9895439333998829
ParkScene_1280x720_24_1.5Mbps_CBR_REF.h264:1377.968:86.6635244874059:35.51934928349713:0.9805295469860236:0.9797473731281399
ParkScene_1280x720_24_1Mbps_CBR_REF.h264:908.2672:80.5667890517181:33.91315488591155:0.9696457383533319:0.9694484342185378
