ParkScene_1280x720_24_12Mbps_VBR_REF.h264:11238.152:98.35906050994042:43.23588203288645:0.9971412224074204:0.9965404316319287
ParkScene_1280x720_24_6Mbps_VBR_REF.h264:5361.7552000000005:96.26752591357109:40.62825221468683:0.9947550237178803:0.99402561068766
ParkScene_1280x720_24_3Mbps_VBR_REF.h264:2539.5352:92.21890238731845:37.82104419696336:0.9893758676946163:0.9884760140526303
ParkScene_1280x720_24_1.5Mbps_VBR_REF.h264:1267.284:85.11043282450579:35.15057139985854:0.9780688179035981:0.9774488214397931
ParkScene_1280x720_24_1Mbps_VBR_REF.h264:843.1192:78.70992083406706:33.59216197598081:0.9660906411707402:0.9663028322099424
