park_joy_1280x720_50_15Mbps_VBR_REF.h264:14225.6832:94.42223115192867:31.9719304270243:0.9831659712791443:0.981608154920701
park_joy_1280x720_50_12Mbps_VBR_REF.h264:11390.9736:91.70272595908017:30.974370692534:0.9784563481807709:0.9768123241043661
park_joy_1280x720_50_10Mbps_VBR_REF.h264:9479.2984:89.08878311298432:30.20035452951628:0.9738366134166717:0.9721922562591506
park_joy_1280x720_50_8Mbps_VBR_REF.h264:7564.8696:85.56661988944602:29.27993762434788:0.967036439538002:0.96540676555178
park_joy_1280x720_50_6Mbps_VBR_REF.h264:5668.928::44.49498240602168:0.9960543281833331:0.9957461291922436
