park_joy_1920x1080_500_50_35Mbps_VBR_REF.h264:33365.218400000005:97.30900572472297:33.50127520615641:0.9903017367124558:0.9827297958707345
park_joy_1920x1080_500_50_30Mbps_VBR_REF.h264:28565.790399999998:95.88934750695569:32.82368930603139:0.9884069316387176:0.9798535604670214
park_joy_1920x1080_500_50_25Mbps_VBR_REF.h264:23774.809599999997:93.80293277490816:32.04912583932629:0.9857909016609192:0.9759453974008567
park_joy_1920x1080_500_50_20Mbps_VBR_REF.h264:18926.116:90.50821959090707:31.12295805297752:0.9817776749134064:0.9701063603154977
park_joy_1920x1080_500_50_15Mbps_VBR_REF.h264:14209.144:85.72054077159243:30.00379741474693:0.9753837474584579:0.9610327050060867
