ParkScene_1280x720_24_12Mbps_VBR_REF.h264:11238.152:98.357485:43.235882:0.997141:0.996541
ParkScene_1280x720_24_6Mbps_VBR_REF.h264:5361.7552000000005:96.263922:40.628252:0.994755:0.994026
ParkScene_1280x720_24_3Mbps_VBR_REF.h264:2539.5352:92.211:37.821044:0.989376:0.988477
ParkScene_1280x720_24_1.5Mbps_VBR_REF.h264:1267.284:85.096297:35.150571:0.978069:0.977449
ParkScene_1280x720_24_1Mbps_VBR_REF.h264:843.1192:78.690583:33.592162:0.966091:0.966304
