park_joy_1920x1080_500_50_35Mbps_CBR_REF.h264:34188.99280000001:96.56468884451577:33.28805509570127:0.9894098492860794:0.9813976279900518
park_joy_1920x1080_500_50_30Mbps_CBR_REF.h264:29211.171999999995:95.06418694806352:32.63655567639638:0.9875022108554841:0.9785081362895929
park_joy_1920x1080_500_50_25Mbps_CBR_REF.h264:24323.508:92.84387308165456:31.88570448164625:0.9847887126207352:0.9744968073733928
park_joy_1920x1080_500_50_20Mbps_CBR_REF.h264:19442.799199999998:89.599804791832:31.01815757502408:0.980937526345253:0.9689116274980669
park_joy_1920x1080_500_50_15Mbps_CBR_REF.h264:14525.7136:84.67377312407373:29.90292890513491:0.9742596572637559:0.9595294830653602
