park_joy_1280x720_50_15Mbps_CBR_REF.h264:14487.178400000003:94.20820790373011:31.96554525030302:0.9828988820314407:0.9813111758613424
park_joy_1280x720_50_12Mbps_CBR_REF.h264:11601.9784:91.37483851215622:30.97108149419872:0.9780168192386627:
park_joy_1280x720_50_10Mbps_CBR_REF.h264:9666.5296:88.69259276693128:30.1852188144269:0.9732760654687882:0.971607033308695
park_joy_1280x720_50_8Mbps_CBR_REF.h264:7727.582399999999:85.10792825656907:29.27460716944309:0.9663458905220031:0.9647593478724033
park_joy_1280x720_50_6Mbps_CBR_REF.h264:5789.6744:80.04039995808678:28.18884288368458:0.9556290823221206:0.9543439380557994
