park_joy_1920x1080_500_50_35Mbps_VBR_REF.h264:33365.218400000005:97.299673:33.501275:0.990302:0.98273
park_joy_1920x1080_500_50_30Mbps_VBR_REF.h264:28565.790399999998:95.877168:32.823689:0.988407:0.979854
park_joy_1920x1080_500_50_25Mbps_VBR_REF.h264:23774.809599999997:93.787265:32.049126:0.985791:0.975946
park_joy_1920x1080_500_50_20Mbps_VBR_REF.h264:18926.116:90.487867:31.122958:0.981778:0.970107
park_joy_1920x1080_500_50_15Mbps_VBR_REF.h264:14209.144:85.695871:30.003797:0.975384:0.961033
