park_joy_1280x720_50_15Mbps_CBR_REF.h264:14487.178400000003:94.19236:31.965545:0.982899:0.981311
park_joy_1280x720_50_12Mbps_CBR_REF.h264:11601.9784:91.353758:30.971081:0.978017:0.976373
park_joy_1280x720_50_10Mbps_CBR_REF.h264:9666.5296:88.668473:30.185219:0.973276:0.971607
park_joy_1280x720_50_8Mbps_CBR_REF.h264:7727.582399999999:85.079998:29.274607:0.966346:0.964759
park_joy_1280x720_50_6Mbps_CBR_REF.h264:5789.6744:80.006746:28.188843:0.955629:0.954344
