PierSeasideNF_1280x720_60_12Mbps_VBR_REF.h264:12862.696800000002:98.66424269950438:44.8162851884972:0.9965804774562518:0.9962723530266115
PierSeasideNF_1280x720_60_6Mbps_VBR_REF.h264:6404.056799999999:97.48325713619484:42.86574226054856:0.9941698198517164:0.9938474831873202
PierSeasideNF_1280x720_60_3Mbps_VBR_REF.h264:3194.4968000000003:95.3453773520875:40.90079058880071:0.9897389773527782:0.9896308397980533
PierSeasideNF_1280x720_60_1.5Mbps_VBR_REF.h264:1576.0736000000002:91.13791503685627:38.77962227239846:0.9810721041758855:0.981873158912114
PierSeasideNF_1280x720_60_1Mbps_VBR_REF.h264:1038.404:87.21975047694711:37.43217876882369:0.9730595725774766:0.9748803354522821
