PierSeasideNF_1280x720_60_12Mbps_VBR_REF.h264:12862.696800000002:98.648865:44.816285:0.996955:0.996516
PierSeasideNF_1280x720_60_6Mbps_VBR_REF.h264:6404.056799999999:97.461096:42.865742:0.994569:0.994106
PierSeasideNF_1280x720_60_3Mbps_VBR_REF.h264:3194.4968000000003:95.317893:40.900791:0.990174:0.989913
PierSeasideNF_1280x720_60_1.5Mbps_VBR_REF.h264:1576.0736000000002:91.101081:38.779622:0.981553:0.982191
PierSeasideNF_1280x720_60_1Mbps_VBR_REF.h264:1038.404:87.174749:37.432179:0.973566:0.975216
