PierSeasideNF_1280x720_60_12Mbps_CBR_REF.h264:12857.012799999999:98.69326553012446:44.84590129776618:0.9966069254279136:0.9963001513059045
PierSeasideNF_1280x720_60_6Mbps_CBR_REF.h264:6416.865599999999:97.51653225715931:42.90909415795204:0.9942591511209806:0.9939315670247643
PierSeasideNF_1280x720_60_3Mbps_CBR_REF.h264:3195.1208:95.40645512874707:40.94770272999888:0.9899014735221863:0.9897822644044066
PierSeasideNF_1280x720_60_1.5Mbps_CBR_REF.h264:1577.8208:91.28734219211387:38.84640410019409:0.981483236849308:0.9822273139039259
PierSeasideNF_1280x720_60_1Mbps_CBR_REF.h264:1040.0136:87.41869692969101:37.4994526004193:0.9735661352674166:0.9753031022878643
