RedKayak_1920x1080_30_24Mbps_CBR_REF.h264:19940.61389473684:96.8925752077031:41.35397852959803:0.9900159413354439:0.9861444111108113
RedKayak_1920x1080_30_12Mbps_CBR_REF.h264:9940.89094736842:85.6197009067762:38.35602595832248:0.974726189542235:0.9704342993471998
RedKayak_1920x1080_30_6Mbps_CBR_REF.h264:5115.21052631579:70.06909704346569:35.60430020329681:0.9469090041361357:0.9437282911448157
RedKayak_1920x1080_30_3Mbps_CBR_REF.h264:2662.191157894737:53.07705999295984:33.04419431705679:0.9054588296957183:0.905858172609641
RedKayak_1920x1080_30_2Mbps_CBR_REF.h264:1806.6665263157895:43.46672344703663:31.61413256398669:0.8749715554086785:0.8783714733783308
