RedKayak_1920x1080_30_24Mbps_VBR_REF.h264:19660.462736842102:98.21189718709631:41.57403063559834:0.9916000747889803:0.9877545672964902
RedKayak_1920x1080_30_12Mbps_VBR_REF.h264:9691.196631578949:88.16107273750406:38.60831103795376:0.9788761898090965:0.9744892272356108
RedKayak_1920x1080_30_6Mbps_VBR_REF.h264:4939.388210526316:72.74076437546285:35.87219582601717:0.9552887042363485:0.9515648241479059
RedKayak_1920x1080_30_3Mbps_VBR_REF.h264:2563.1330526315787:55.58733296174412:33.32867626478333:0.918891183744397:0.9178369293423978
RedKayak_1920x1080_30_2Mbps_VBR_REF.h264:1751.0724210526314:45.75127561372867:31.92555585465873:0.8911497712135314:0.8929073683072967
