RushFieldCuts_1920x1080_30_24Mbps_VBR_REF.h264:20735.788210526316:98.4889832383913:40.0350922946026:0.9954465998892199:0.9914930032537549
RushFieldCuts_1920x1080_30_12Mbps_VBR_REF.h264:10446.792421052633:94.89845281235404:37.90428621854852:0.9914824694917913:0.9865164549332405
RushFieldCuts_1920x1080_30_6Mbps_VBR_REF.h264:5369.94652631579:87.09457921008593:35.71612707639628:0.9822321907470101:0.9766392160610017
RushFieldCuts_1920x1080_30_3Mbps_VBR_REF.h264:2769.7414736842106:72.8782868956262:33.04688552831289:0.9616891594309556:0.9565331009488363
RushFieldCuts_1920x1080_30_2Mbps_VBR_REF.h264:1885.4627368421054:62.04514879120742:31.31403407313231:0.9407048608127393:0.9368813791175084
