RushFieldCuts_1920x1080_30_24Mbps_CBR_REF.h264:20959.233684210525:98.38024333272183:40.03330261799091:0.9953162881365993:0.9913320778276816
RushFieldCuts_1920x1080_30_12Mbps_CBR_REF.h264:10591.146105263158:94.43691663771696:37.84626157901317:0.9910394595380415:0.9860540456342982
RushFieldCuts_1920x1080_30_6Mbps_CBR_REF.h264:5423.126736842105:86.76850961789461:35.66826314958413:0.9821557827163161:0.9765596613891044
RushFieldCuts_1920x1080_30_3Mbps_CBR_REF.h264:2796.819789473684:72.58115551282897:33.02059850462097:0.9619115044150436:0.9567230659187801
RushFieldCuts_1920x1080_30_2Mbps_CBR_REF.h264:1904.2416842105263:61.91916209164329:31.3108833067403:0.9409642793630298:0.9371280265739925
