RushFieldCuts_1920x1080_30_24Mbps_CBR_REF.h264:20959.233684210525:98.374192:40.033303:0.995319:0.991337
RushFieldCuts_1920x1080_30_12Mbps_CBR_REF.h264:10591.146105263158:94.424616:37.846262:0.991042:0.986059
RushFieldCuts_1920x1080_30_6Mbps_CBR_REF.h264:5423.126736842105:86.747978:35.668263:0.982159:0.976565
RushFieldCuts_1920x1080_30_3Mbps_CBR_REF.h264:2796.819789473684:72.551849:33.020599:0.961914:0.956729
RushFieldCuts_1920x1080_30_2Mbps_CBR_REF.h264:1904.2416842105263:61.885473:31.310883:0.940968:0.937135
