Sintel_trailer_o537n480_1920x1080_24_9Mbps_VBR_REF.h264:7346.513599999999:99.17027457781568:52.5112682724715:0.9993343126028776:0.9990102111828816
Sintel_trailer_o537n480_1920x1080_24_6Mbps_VBR_REF.h264:4777.9444:98.68433001242344:50.20711773151042:0.9989020064473152:0.9985154377481741
Sintel_trailer_o537n480_1920x1080_24_2Mbps_VBR_REF.h264:1486.9144000000001:95.07249880032825:46.195685301355:0.9956750099857649:0.995303513838808
Sintel_trailer_o537n480_1920x1080_24_1Mbps_VBR_REF.h264:718.268:87.69869506162237:42.9591815207087:0.9874114135901133:0.988324360752651
Sintel_trailer_o537n480_1920x1080_24_0.5Mbps_VBR_REF.h264:363.6992:69.54890813849823:37.614536396408:0.960383250315984:0.9656784001371738
