Sintel_trailer_o537n480_1920x1080_24_9Mbps_VBR_REF.h264:7346.513599999999:99.143555:52.511268:0.999416:0.999122
Sintel_trailer_o537n480_1920x1080_24_6Mbps_VBR_REF.h264:4777.9444:98.63492:50.207118:0.998991:0.998637
Sintel_trailer_o537n480_1920x1080_24_2Mbps_VBR_REF.h264:1486.9144000000001:94.960451:46.195685:0.995791:0.995455
Sintel_trailer_o537n480_1920x1080_24_1Mbps_VBR_REF.h264:718.268:87.561289:42.959182:0.987548:0.988494
Sintel_trailer_o537n480_1920x1080_24_0.5Mbps_VBR_REF.h264:363.6992:69.405579:37.614536:0.960536:0.96586
