Sintel_trailer_o537n480_1920x1080_24_9Mbps_CBR_REF.h264:7429.8135999999995:99.18103220962712:52.6016604794544:0.9993463522444169:0.9990240046348345
Sintel_trailer_o537n480_1920x1080_24_6Mbps_CBR_REF.h264:4834.998799999999:98.72796766913159:50.28679833033573:0.9989213484028975:0.9985343349667816
Sintel_trailer_o537n480_1920x1080_24_2Mbps_CBR_REF.h264:1525.1488:95.10933551257943:46.25385395118553:0.9957586277276278:0.9953787480213344
Sintel_trailer_o537n480_1920x1080_24_1Mbps_CBR_REF.h264:742.8048:88.2694236790862:43.3120706338272:0.987829810132583:0.9886761726294215
Sintel_trailer_o537n480_1920x1080_24_0.5Mbps_CBR_REF.h264:374.9572:69.51655326695862:37.86375263379016:0.9614873399337133:0.9666240291675889
