Sintel_trailer_o537n480_1920x1080_24_9Mbps_CBR_REF.h264:7429.8135999999995:99.15734:52.60166:0.999428:0.999136
Sintel_trailer_o537n480_1920x1080_24_6Mbps_CBR_REF.h264:4834.998799999999:98.679148:50.286798:0.99901:0.998655
Sintel_trailer_o537n480_1920x1080_24_2Mbps_CBR_REF.h264:1525.1488:94.995773:46.253854:0.995874:0.99553
Sintel_trailer_o537n480_1920x1080_24_1Mbps_CBR_REF.h264:742.8048:88.142595:43.312071:0.987965:0.988845
Sintel_trailer_o537n480_1920x1080_24_0.5Mbps_CBR_REF.h264:374.9572:69.349568:37.863753:0.961642:0.966806
