TangoNF_1280x720_60_12Mbps_CBR_REF.h264:11826.58775510204:99.79341328471172:43.75712748180413:0.9962351833071027:0.9956131265843687
TangoNF_1280x720_60_6Mbps_CBR_REF.h264:5857.799183673469:97.58404773622487:41.33140154384609:0.9919820729972554:0.9918382535145401
TangoNF_1280x720_60_3Mbps_CBR_REF.h264:2927.044897959184:89.63480794501261:38.20418980423912:0.9811295668284098:0.9828726361631457
TangoNF_1280x720_60_1.5Mbps_CBR_REF.h264:1464.9126530612245:73.30577914955435:34.637165342335:0.9554105561201264:0.9625875095356567
TangoNF_1280x720_60_1Mbps_CBR_REF.h264:975.3273469387755:59.39820431818532:32.42031039708304:0.9267193291868482:0.9403892455530075
