TangoNF_1280x720_60_12Mbps_VBR_REF.h264:11831.469387755102:99.773512:43.744775:0.99622:0.995602
TangoNF_1280x720_60_6Mbps_VBR_REF.h264:5865.598367346939:97.531983:41.32271:0.991957:0.991821
TangoNF_1280x720_60_3Mbps_VBR_REF.h264:2920.3787755102044:89.551619:38.19102:0.981044:0.982803
TangoNF_1280x720_60_1.5Mbps_VBR_REF.h264:1463.5738775510204:73.262692:34.62984:0.955282:0.962499
TangoNF_1280x720_60_1Mbps_VBR_REF.h264:972.2416326530613:59.242157:32.389998:0.926266:0.940034
