TangoNF_1280x720_60_12Mbps_VBR_REF.h264:11831.469387755102:99.77536160568998:43.7447749732984:0.9962139356703985:0.9955956696429125
TangoNF_1280x720_60_6Mbps_VBR_REF.h264:5865.598367346939:97.54230592295598:41.32270991290503:0.9919495973862759:0.9918131201841801
TangoNF_1280x720_60_3Mbps_VBR_REF.h264:2920.3787755102044:89.57202849268815:38.19102001040972:0.9810358148042847:0.9827945571766049
TangoNF_1280x720_60_1.5Mbps_VBR_REF.h264:1463.5738775510204:73.29643016873179:34.62983996306437:0.9552722295530799:0.9624885730794326
TangoNF_1280x720_60_1Mbps_VBR_REF.h264:972.2416326530613:59.28276611118157:32.38999786372246:0.9262540770225784:0.9400215988691558
