touchdown_pass_1280x720_30_12Mbps_CBR_REF.h264:11585.946947368422:99.271235:43.170198:0.995073:0.994011
touchdown_pass_1280x720_30_6Mbps_CBR_REF.h264:5815.031157894737:98.735432:41.598953:0.992361:0.991351
touchdown_pass_1280x720_30_3Mbps_CBR_REF.h264:2963.102315789474:96.444357:39.917539:0.986731:0.986264
touchdown_pass_1280x720_30_1.5Mbps_CBR_REF.h264:1509.794105263158:88.414756:37.731532:0.972733:0.974096
touchdown_pass_1280x720_30_1Mbps_CBR_REF.h264:1018.3267368421052:79.973735:36.190437:0.955703:0.959896
