touchdown_pass_1280x720_30_12Mbps_CBR_REF.h264:11585.946947368422:99.2749144475476:43.17019764941075:0.9950734556766978:0.9940110216668343
touchdown_pass_1280x720_30_6Mbps_CBR_REF.h264:5815.031157894737:98.74225038533976:41.59895272865084:0.9923606897655286:0.9913506472556607
touchdown_pass_1280x720_30_3Mbps_CBR_REF.h264:2963.102315789474:96.46105795698335:39.91753895544745:0.986730911961773:0.9862631309644275
touchdown_pass_1280x720_30_1.5Mbps_CBR_REF.h264:1509.794105263158:88.44360607785416:37.73153183652486:0.9727325078688169:0.9740940694265456
touchdown_pass_1280x720_30_1Mbps_CBR_REF.h264:1018.3267368421052:80.00854971607424:36.19043674577416:0.9557019259846001:0.9598933689168928
