touchdown_pass_1280x720_30_12Mbps_VBR_REF.h264:11494.28505263158:99.31727232763754:43.18684541115474:0.9951464384271388:0.9940851004516569
touchdown_pass_1280x720_30_6Mbps_VBR_REF.h264:5795.040421052632:98.7301073696315:41.60332501238008:0.9924014119725478:0.9913897510936498
touchdown_pass_1280x720_30_3Mbps_VBR_REF.h264:2945.093473684211:96.4071408739347:39.89318864801881:0.9866897864299908:0.9862214824534472
touchdown_pass_1280x720_30_1.5Mbps_VBR_REF.h264:1501.568:88.38064406761002:37.70152756496795:0.972735960023445:0.9740617539520863
touchdown_pass_1280x720_30_1Mbps_VBR_REF.h264:1011.6997894736843:79.9784298771282:36.16461549050005:0.9556825220584869:0.9598403766542956
