touchdown_pass_1280x720_30_12Mbps_VBR_REF.h264:11494.28505263158:99.313558:43.186845:0.995146:0.994085
touchdown_pass_1280x720_30_6Mbps_VBR_REF.h264:5795.040421052632:98.723535:41.603325:0.992401:0.99139
touchdown_pass_1280x720_30_3Mbps_VBR_REF.h264:2945.093473684211:96.389846:39.893189:0.98669:0.986222
touchdown_pass_1280x720_30_1.5Mbps_VBR_REF.h264:1501.568:88.351099:37.701528:0.972736:0.974063
touchdown_pass_1280x720_30_1Mbps_VBR_REF.h264:1011.6997894736843:79.94298:36.164615:0.955683:0.959843
