WITCHER3_1920x1080_60_24Mbps_VBR_REF.h264:25685.0664:94.187321:38.582467:0.986474:0.978773
WITCHER3_1920x1080_60_12Mbps_VBR_REF.h264:12815.3416:89.361249:36.802625:0.975753:0.96538
WITCHER3_1920x1080_60_6Mbps_VBR_REF.h264:6344.113600000001:82.079492:35.339327:0.958516:0.946598
WITCHER3_1920x1080_60_3Mbps_VBR_REF.h264:3127.4968:72.089494:34.063336:0.932353:0.921462
WITCHER3_1920x1080_60_2Mbps_VBR_REF.h264:2065.0936:66.078825:33.401683:0.914217:0.905171
