WITCHER3_1920x1080_60_24Mbps_CBR_REF.h264:25785.600799999997:94.198559:38.579523:0.986449:0.978722
WITCHER3_1920x1080_60_12Mbps_CBR_REF.h264:12856.4136:89.383495:36.801681:0.975726:0.965348
WITCHER3_1920x1080_60_6Mbps_CBR_REF.h264:6368.097600000001:82.06809:35.339888:0.958553:0.946622
WITCHER3_1920x1080_60_3Mbps_CBR_REF.h264:3134.2592:72.075159:34.068265:0.932473:0.921577
WITCHER3_1920x1080_60_2Mbps_CBR_REF.h264:2072.2832000000003:66.054608:33.401502:0.914281:0.905233
