WITCHER3_1920x1080_60_24Mbps_VBR_REF.h264:25685.0664:94.20092134669842:38.58246721438882:0.9864744142691294:0.9787730300246248
WITCHER3_1920x1080_60_12Mbps_VBR_REF.h264:12815.3416:89.37974585822992:36.80262479502083:0.9757532757520676:0.9653796473286256
WITCHER3_1920x1080_60_6Mbps_VBR_REF.h264:6344.113600000001:82.10393302754333:35.33932686315099:0.9585157347718875:0.9465972118608176
WITCHER3_1920x1080_60_3Mbps_VBR_REF.h264:3127.4968:72.11845442603382:34.06333608887716:0.9323527306318283:0.9214611313232295
WITCHER3_1920x1080_60_2Mbps_VBR_REF.h264:2065.0936:66.10812463816772:33.40168283524872:0.9142159620920817:0.9051694152415687
