WITCHER3_1920x1080_60_24Mbps_CBR_REF.h264:25785.600799999997:94.21247169875785:38.57952346724921:0.986449135740598:0.9787212836440697
WITCHER3_1920x1080_60_12Mbps_CBR_REF.h264:12856.4136:89.40189614191955:36.8016808448716:0.9757261813680331:0.9653470945101273
WITCHER3_1920x1080_60_6Mbps_CBR_REF.h264:6368.097600000001:82.09194245921513:35.33988846316814:0.9585528777043024:0.9466211968713821
WITCHER3_1920x1080_60_3Mbps_CBR_REF.h264:3134.2592:72.10409833082552:34.06826548702956:0.9324723374843598:0.9215759641257654
WITCHER3_1920x1080_60_2Mbps_CBR_REF.h264:2072.2832000000003:66.08470902142082:33.4015016503289:0.9142806451519331:0.9052310315402966
