BasketballDrive_1920x1080_50_15Mbps_CBR_REF.h265:14591.2040:99.001220:38.093763:0.993323:0.986230
BasketballDrive_1920x1080_50_9Mbps_CBR_REF.h265:8745.7136:96.518537:37.111328:0.989879:0.981937
BasketballDrive_1920x1080_50_6Mbps_CBR_REF.h265:5800.4464:91.950841:36.090229:0.984822:0.976267
BasketballDrive_1920x1080_50_3Mbps_CBR_REF.h265:2898.6136:78.526403:33.843768:0.967338:0.958700
BasketballDrive_1920x1080_50_2Mbps_CBR_REF.h265:1935.7288:68.234935:32.363738:0.949354:0.941802
