BoatNF_1280x720_60_7.5Mbps_CBR_REF.h265:6823.5072:86.683824:31.902527:0.987809:0.984815
BoatNF_1280x720_60_4.5Mbps_CBR_REF.h265:4092.8176:77.530906:29.601549:0.976043:0.971957
BoatNF_1280x720_60_3Mbps_CBR_REF.h265:2748.7264:68.807057:28.039856:0.961517:0.957370
BoatNF_1280x720_60_1.5Mbps_CBR_REF.h265:1382.7104:51.593516:25.778497:0.921020:0.920330
BoatNF_1280x720_60_1Mbps_CBR_REF.h265:932.1600:42.131628:24.730529:0.890018:0.893785
