bq_terrace_1920x1080p_600_60_15Mbps_CBR_REF.h265:14096.9984:95.267885:34.863025:0.992081:0.982146
bq_terrace_1920x1080p_600_60_9Mbps_CBR_REF.h265:8642.3088:93.843070:34.218493:0.990240:0.979463
bq_terrace_1920x1080p_600_60_6Mbps_CBR_REF.h265:5801.2992:91.738686:33.580918:0.987863:0.976294
bq_terrace_1920x1080p_600_60_3Mbps_CBR_REF.h265:2867.9952:85.192131:32.132327:0.980151:0.966716
bq_terrace_1920x1080p_600_60_2Mbps_CBR_REF.h265:1894.3272:78.884912:31.036647:0.971783:0.957078
