crowd_run_1280x720_50_12Mbps_CBR_REF.h265:11774.4912:87.921076:30.666309:0.980714:0.977063
crowd_run_1280x720_50_10Mbps_CBR_REF.h265:9820.7352:84.478308:29.830572:0.975820:0.971873
crowd_run_1280x720_50_7.5Mbps_CBR_REF.h265:7386.9376:78.268475:28.583285:0.965907:0.961752
crowd_run_1280x720_50_4.5Mbps_CBR_REF.h265:4462.9104:65.919886:26.658896:0.940406:0.937406
crowd_run_1280x720_50_3Mbps_CBR_REF.h265:2983.0600:55.682162:25.395836:0.913134:0.912985
