crowd_run_1920x1080p_500_50_35Mbps_CBR_REF.h265:33639.7600:96.178794:34.234459:0.993295:0.984787
crowd_run_1920x1080p_500_50_30Mbps_CBR_REF.h265:29269.3368:94.902577:33.650683:0.992193:0.982705
crowd_run_1920x1080p_500_50_25Mbps_CBR_REF.h265:24446.8976:92.721155:32.891970:0.990464:0.979523
crowd_run_1920x1080p_500_50_20Mbps_CBR_REF.h265:19595.1792:89.317223:31.962807:0.987600:0.974515
crowd_run_1920x1080p_500_50_15Mbps_CBR_REF.h265:14715.0184:83.817853:30.764950:0.982414:0.966078
