DinnerScene_1920x1080_60_7.5Mbps_CBR_REF.h265:7348.1696:92.384236:43.387453:0.996012:0.992195
DinnerScene_1920x1080_60_4.5Mbps_CBR_REF.h265:4397.7264:91.555496:43.178793:0.995427:0.991568
DinnerScene_1920x1080_60_3Mbps_CBR_REF.h265:2721.9968:90.542846:42.973026:0.994759:0.990920
DinnerScene_1920x1080_60_1.5Mbps_CBR_REF.h265:666.1504:85.885038:42.121460:0.992082:0.988393
DinnerScene_1920x1080_60_1Mbps_CBR_REF.h265:382.9616:80.605092:41.235138:0.988745:0.985415
