Hearthstone_1920x1080_60_5.5Mbps_CBR_REF.h265:3905.6336:91.472044:40.024069:0.996534:0.994415
Hearthstone_1920x1080_60_3.25Mbps_CBR_REF.h265:2296.0424:86.134324:37.081632:0.992804:0.989426
Hearthstone_1920x1080_60_2.25Mbps_CBR_REF.h265:1578.4624:80.308353:35.072621:0.987832:0.983288
Hearthstone_1920x1080_60_1.125Mbps_CBR_REF.h265:783.4056:65.240883:31.622669:0.970884:0.964036
Hearthstone_1920x1080_60_0.75Mbps_CBR_REF.h265:527.8728:54.212817:29.763887:0.954780:0.946689
