Kimono1_1920x1080_24_15Mbps_CBR_REF.h265:13004.6264:97.901479:42.053870:0.996610:0.993058
Kimono1_1920x1080_24_9Mbps_CBR_REF.h265:7377.1376:96.048661:41.114562:0.994580:0.990554
Kimono1_1920x1080_24_6Mbps_CBR_REF.h265:4694.2992:93.155885:40.248498:0.991763:0.987512
Kimono1_1920x1080_24_3.5Mbps_CBR_REF.h265:2780.2208:87.391966:38.860175:0.985288:0.981051
Kimono1_1920x1080_24_2Mbps_CBR_REF.h265:1572.6376:77.783993:36.966496:0.972404:0.968724
