MrFox_BlueBird_1920x1080_30_5.5Mbps_CBR_REF.h265:3482.5120:92.601162:44.443327:0.993689:0.992285
MrFox_BlueBird_1920x1080_30_3.25Mbps_CBR_REF.h265:2108.2864:88.407118:41.897205:0.988307:0.986578
MrFox_BlueBird_1920x1080_30_2.25Mbps_CBR_REF.h265:1446.3992:82.990771:39.941184:0.980998:0.979287
MrFox_BlueBird_1920x1080_30_1.125Mbps_CBR_REF.h265:701.1112:66.060568:35.993362:0.951996:0.951913
MrFox_BlueBird_1920x1080_30_0.75Mbps_CBR_REF.h265:461.9928:51.209534:33.321531:0.921524:0.923477
