ParkScene_1280x720_24_7.5Mbps_CBR_REF.h265:6532.9568:95.324181:39.397822:0.993963:0.992846
ParkScene_1280x720_24_4.5Mbps_CBR_REF.h265:3896.2392:92.078223:37.384929:0.989772:0.988483
ParkScene_1280x720_24_3Mbps_CBR_REF.h265:2589.8336:88.357733:35.828631:0.984419:0.983121
ParkScene_1280x720_24_1.5Mbps_CBR_REF.h265:1311.1888:79.184835:33.387457:0.969066:0.968537
ParkScene_1280x720_24_1Mbps_CBR_REF.h265:867.1000:71.146716:31.972739:0.953091:0.954177
