PierSeasideNF_1280x720_60_7.5Mbps_CBR_REF.h265:7413.1672:97.008770:41.919083:0.994413:0.993886
PierSeasideNF_1280x720_60_4.5Mbps_CBR_REF.h265:4463.9352:94.971899:40.369548:0.991396:0.990989
PierSeasideNF_1280x720_60_3Mbps_CBR_REF.h265:2980.3912:92.801439:39.178801:0.988074:0.987918
PierSeasideNF_1280x720_60_1.5Mbps_CBR_REF.h265:1478.9336:87.311539:37.126884:0.979603:0.980377
PierSeasideNF_1280x720_60_1Mbps_CBR_REF.h265:978.3720:82.964263:35.896323:0.972412:0.974127
