RedKayak_1920x1080_30_15Mbps_CBR_REF.h265:12238.5141:90.775261:39.461286:0.985312:0.980250
RedKayak_1920x1080_30_9Mbps_CBR_REF.h265:7174.5419:81.666398:37.434795:0.973884:0.968242
RedKayak_1920x1080_30_6Mbps_CBR_REF.h265:4769.2619:72.993353:35.915686:0.960450:0.954991
RedKayak_1920x1080_30_3Mbps_CBR_REF.h265:2416.1112:56.984430:33.531610:0.927981:0.924595
RedKayak_1920x1080_30_2Mbps_CBR_REF.h265:1637.9912:47.741132:32.261217:0.903575:0.902556
