RedKayak_1920x1080_30_22Mbps_CBR_REF.h265:18505.5229:95.510266:41.104601:0.990848:0.986590
RedKayak_1920x1080_30_18Mbps_CBR_REF.h265:14894.8131:93.263855:40.227254:0.988216:0.983509
RedKayak_1920x1080_30_15Mbps_CBR_REF.h265:12238.5141:90.775261:39.461286:0.985312:0.980250
RedKayak_1920x1080_30_12Mbps_CBR_REF.h265:9682.0779:87.146146:38.560545:0.980958:0.975560
RedKayak_1920x1080_30_9Mbps_CBR_REF.h265:7174.5419:81.666398:37.434795:0.973884:0.968242
