Sintel_trailer_o537n480_1920x1080_24_9Mbps_CBR_REF.h265:7524.4564:98.984638:53.472321:0.999296:0.998995
Sintel_trailer_o537n480_1920x1080_24_6Mbps_CBR_REF.h265:4925.9376:98.695610:52.166962:0.998888:0.998532
Sintel_trailer_o537n480_1920x1080_24_2Mbps_CBR_REF.h265:1586.5436:95.931986:48.264408:0.995932:0.995567
Sintel_trailer_o537n480_1920x1080_24_1Mbps_CBR_REF.h265:769.6496:89.901417:45.206235:0.990057:0.990274
Sintel_trailer_o537n480_1920x1080_24_0.5Mbps_CBR_REF.h265:374.1440:77.846080:41.491155:0.975473:0.977693
