Sintel_trailer_o537n480_1920x1080_24_2Mbps_CBR_REF.h265:1587.4180:95.951583:48.276599:0.995955:0.995590
Sintel_trailer_o537n480_1920x1080_24_1.5Mbps_CBR_REF.h265:1172.5472:94.028941:47.067848:0.994101:0.993876
Sintel_trailer_o537n480_1920x1080_24_1Mbps_CBR_REF.h265:770.2896:89.962146:45.210748:0.990036:0.990262
Sintel_trailer_o537n480_1920x1080_24_0.5Mbps_CBR_REF.h265:373.5044:77.958556:41.515977:0.975413:0.977637
Sintel_trailer_o537n480_1920x1080_24_0.25Mbps_CBR_REF.h265:170.6680:53.644395:35.783777:0.931726:0.938553
