WITCHER3_1920x1080_60_15Mbps_CBR_REF.h265:14400.0360:87.797957:36.505406:0.977828:0.967045
WITCHER3_1920x1080_60_9Mbps_CBR_REF.h265:8643.7936:83.100364:35.481703:0.968239:0.955827
WITCHER3_1920x1080_60_6Mbps_CBR_REF.h265:5772.6584:78.725639:34.782155:0.958931:0.945850
WITCHER3_1920x1080_60_3Mbps_CBR_REF.h265:2917.8960:70.094198:33.716390:0.940102:0.927345
WITCHER3_1920x1080_60_2Mbps_CBR_REF.h265:1953.8288:64.273489:33.110810:0.927141:0.915440
