BasketballDrive_1920x1080_50_15Mbps_CBR_REF.h265:14592.924799999999:98.999728:38.096982:0.99333:0.986238
BasketballDrive_1920x1080_50_9Mbps_CBR_REF.h265:8719.930400000001:96.436611:37.094575:0.989755:0.981802
BasketballDrive_1920x1080_50_6Mbps_CBR_REF.h265:5799.281599999999:91.988113:36.091638:0.984861:0.976309
BasketballDrive_1920x1080_50_3Mbps_CBR_REF.h265:2898.9408:78.511262:33.842836:0.967359:0.958697
BasketballDrive_1920x1080_50_2Mbps_CBR_REF.h265:1935.4576000000002:68.167519:32.36368:0.949244:0.941707
