BoatNF_1280x720_60_7.5Mbps_CBR_REF.h265:6774.7807999999995:86.549263:31.875481:0.98777:0.98475
BoatNF_1280x720_60_4.5Mbps_CBR_REF.h265:4110.8944:77.690568:29.623543:0.976151:0.972109
BoatNF_1280x720_60_3Mbps_CBR_REF.h265:2740.1168000000002:68.812966:28.025191:0.961376:0.957171
BoatNF_1280x720_60_1.5Mbps_CBR_REF.h265:1377.168:51.760676:25.786227:0.921421:0.920625
BoatNF_1280x720_60_1Mbps_CBR_REF.h265:931.6944:41.769531:24.705944:0.888444:0.892565
