bq_terrace_1920x1080p_600_60_15Mbps_CBR_REF.h265:14166.345600000002:96.169208:35.020695:0.992238:0.98259
bq_terrace_1920x1080p_600_60_9Mbps_CBR_REF.h265:8581.184640000001:94.74371:34.35809:0.990319:0.979826
bq_terrace_1920x1080p_600_60_6Mbps_CBR_REF.h265:5740.29984:92.650465:33.723347:0.987911:0.976643
bq_terrace_1920x1080p_600_60_3Mbps_CBR_REF.h265:2848.18944:86.284396:32.325865:0.980281:0.96726
bq_terrace_1920x1080p_600_60_2Mbps_CBR_REF.h265:1908.99552:80.817667:31.343762:0.972854:0.958728
