Bunny_1920x1080_24_600_15Mbps_CBR_REF.h265:10633.321344:99.085299:48.458988:0.99848:0.997294
Bunny_1920x1080_24_600_9Mbps_CBR_REF.h265:6361.986432:97.759592:46.14993:0.996843:0.995082
Bunny_1920x1080_24_600_6Mbps_CBR_REF.h265:4175.60256:95.256985:44.350809:0.994285:0.991957
Bunny_1920x1080_24_600_3Mbps_CBR_REF.h265:2013.9102719999998:85.884797:41.179248:0.984358:0.981259
Bunny_1920x1080_24_600_2Mbps_CBR_REF.h265:1337.741952:77.988574:39.32831:0.973141:0.970309
