Cactus_1920x1080_50_15Mbps_CBR_REF.h265:13729.4368:94.292343:37.04985:0.993953:0.986125
Cactus_1920x1080_50_9Mbps_CBR_REF.h265:8265.7464:91.332441:36.102461:0.991224:0.982252
Cactus_1920x1080_50_6Mbps_CBR_REF.h265:5510.708:87.036148:35.023163:0.986893:0.976553
Cactus_1920x1080_50_3Mbps_CBR_REF.h265:2769.5224:73.974392:32.710732:0.970903:0.95771
Cactus_1920x1080_50_2Mbps_CBR_REF.h265:1862.4032:63.255353:31.233998:0.952897:0.938828
