crowd_run_1920x1080p_500_50_35Mbps_CBR_REF.h265:33317.1112:96.083473:34.1935:0.993249:0.984671
crowd_run_1920x1080p_500_50_30Mbps_CBR_REF.h265:28929.5488:94.702024:33.602318:0.992115:0.982538
crowd_run_1920x1080p_500_50_25Mbps_CBR_REF.h265:24323.842399999998:92.640004:32.878954:0.990468:0.979511
crowd_run_1920x1080p_500_50_20Mbps_CBR_REF.h265:19569.501600000003:89.28884:31.961277:0.987624:0.974541
crowd_run_1920x1080p_500_50_15Mbps_CBR_REF.h265:14703.409599999999:83.803301:30.764549:0.982429:0.96609
