DinnerScene_1920x1080_60_7.5Mbps_CBR_REF.h265:7298.71488:92.319004:43.399298:0.996002:0.992191
DinnerScene_1920x1080_60_4.5Mbps_CBR_REF.h265:4389.659519999999:91.495024:43.19472:0.995416:0.991564
DinnerScene_1920x1080_60_3Mbps_CBR_REF.h265:2681.10816:90.360441:42.963513:0.994575:0.990765
DinnerScene_1920x1080_60_1.5Mbps_CBR_REF.h265:595.79616:85.660355:42.110911:0.991763:0.9881
DinnerScene_1920x1080_60_1Mbps_CBR_REF.h265:339.0096:80.013555:41.191608:0.9882:0.984932
