DOTA2_1920x1080_60_600_15Mbps_CBR_REF.h265:14644.023360000001:95.953052:41.039395:0.996009:0.992597
DOTA2_1920x1080_60_600_9Mbps_CBR_REF.h265:8713.66272:93.487477:39.285855:0.993379:0.988687
DOTA2_1920x1080_60_600_6Mbps_CBR_REF.h265:5741.94816:90.500626:37.826561:0.989896:0.983965
DOTA2_1920x1080_60_600_3Mbps_CBR_REF.h265:2805.97728:81.94863:35.260884:0.979069:0.971247
DOTA2_1920x1080_60_600_2Mbps_CBR_REF.h265:1845.85152:74.239008:33.723051:0.967849:0.959513
