FoodMarket2NF_1280x720_60_7.5Mbps_CBR_REF.h265:6131.4704:96.927993:36.377791:0.992709:0.991177
FoodMarket2NF_1280x720_60_4.5Mbps_CBR_REF.h265:3756.7216000000003:93.515371:34.329731:0.986781:0.985004
FoodMarket2NF_1280x720_60_3Mbps_CBR_REF.h265:2496.2944:87.921976:32.633959:0.978335:0.976717
FoodMarket2NF_1280x720_60_1.5Mbps_CBR_REF.h265:1254.3136:74.332158:29.889798:0.952409:0.95303
FoodMarket2NF_1280x720_60_1Mbps_CBR_REF.h265:829.9104:63.975033:28.389822:0.92784:0.931694
