Hearthstone_1920x1080_60_15Mbps_CBR_REF.h265:11170.0368:95.942678:45.439992:0.999015:0.998127
Hearthstone_1920x1080_60_9Mbps_CBR_REF.h265:6569.61888:94.403524:42.8811:0.998211:0.996864
Hearthstone_1920x1080_60_6Mbps_CBR_REF.h265:4305.582719999999:92.304888:40.696955:0.997021:0.995114
Hearthstone_1920x1080_60_3Mbps_CBR_REF.h265:2158.3776000000003:85.774144:36.940027:0.992448:0.988981
Hearthstone_1920x1080_60_2Mbps_CBR_REF.h265:1422.9792:79.261712:34.750347:0.986666:0.981954
