Kimono1_1280x720_24_7.5Mbps_CBR_REF.h265:6096.8632:97.870802:42.71398:0.994968:0.994411
Kimono1_1280x720_24_4.5Mbps_CBR_REF.h265:3492.6335999999997:95.174433:40.913392:0.99082:0.990774
Kimono1_1280x720_24_3Mbps_CBR_REF.h265:2330.964:91.54585:39.468994:0.985494:0.986329
Kimono1_1280x720_24_1.5Mbps_CBR_REF.h265:1199.5607999999997:82.29794:36.839287:0.969168:0.973127
Kimono1_1280x720_24_1Mbps_CBR_REF.h265:794.116:74.590421:35.191174:0.952653:0.960053
