MrFox_BlueBird_1920x1080_30_15Mbps_CBR_REF.h265:8809.242400000001:96.423282:50.01844:0.998374:0.997708
MrFox_BlueBird_1920x1080_30_9Mbps_CBR_REF.h265:5590.34:94.973435:47.104308:0.996805:0.99578
MrFox_BlueBird_1920x1080_30_6Mbps_CBR_REF.h265:3784.76:93.073037:44.926845:0.994346:0.993041
MrFox_BlueBird_1920x1080_30_3Mbps_CBR_REF.h265:1941.2896:87.105511:41.396113:0.986704:0.984977
MrFox_BlueBird_1920x1080_30_2Mbps_CBR_REF.h265:1288.3272:80.529828:39.254897:0.976914:0.975421
