park_joy_1280x720_50_12Mbps_CBR_REF.h265:11194.6344:84.129401:28.927453:0.97156:0.969383
park_joy_1280x720_50_10Mbps_CBR_REF.h265:9325.3192:80.501501:28.165467:0.965241:0.963126
park_joy_1280x720_50_7.5Mbps_CBR_REF.h265:6998.6464000000005:74.47092:27.079863:0.953365:0.951656
park_joy_1280x720_50_4.5Mbps_CBR_REF.h265:4202.867200000001:63.090553:25.435564:0.925741:0.925908
park_joy_1280x720_50_3Mbps_CBR_REF.h265:2806.9464:54.054533:24.346238:0.898057:0.900988
