RushFieldCuts_1920x1080_30_15Mbps_CBR_REF.h265:13235.69376:93.805444:37.198175:0.993151:0.987501
RushFieldCuts_1920x1080_30_9Mbps_CBR_REF.h265:7799.167199999999:88.415849:35.409331:0.987612:0.98042
RushFieldCuts_1920x1080_30_6Mbps_CBR_REF.h265:5171.90496:81.432095:33.856169:0.97954:0.97118
RushFieldCuts_1920x1080_30_3Mbps_CBR_REF.h265:2619.22704:64.979497:31.115181:0.955126:0.94581
RushFieldCuts_1920x1080_30_2Mbps_CBR_REF.h265:1771.9968:54.302744:29.571105:0.933217:0.924429
