TangoNF_1280x720_60_7.5Mbps_CBR_REF.h265:6672.3248979591835:96.633112:40.80564:0.992062:0.991652
TangoNF_1280x720_60_4.5Mbps_CBR_REF.h265:3981.6636734693875:91.590706:38.72543:0.985809:0.986317
TangoNF_1280x720_60_3Mbps_CBR_REF.h265:2655.7257142857143:85.198856:36.929344:0.977268:0.979353
TangoNF_1280x720_60_1.5Mbps_CBR_REF.h265:1334.4408163265307:68.151077:33.682396:0.949677:0.957788
TangoNF_1280x720_60_1Mbps_CBR_REF.h265:889.8873469387755:55.163101:31.763047:0.922029:0.936601
