BasketballDrive_1920x1080_50_15Mbps_CBR_REF.h264:14985.9712:98.266670:37.283583:0.992834:0.984994
BasketballDrive_1920x1080_50_9Mbps_CBR_REF.h264:8917.0272:93.252906:35.913379:0.987502:0.978311
BasketballDrive_1920x1080_50_6Mbps_CBR_REF.h264:5908.3040:85.306820:34.437616:0.978657:0.968607
BasketballDrive_1920x1080_50_3Mbps_CBR_REF.h264:2921.3936:60.970975:31.233965:0.938304:0.930544
BasketballDrive_1920x1080_50_2Mbps_CBR_REF.h264:1938.8832:42.596103:28.958159:0.879307:0.878467
