Bunny_1920x1080_24_600_12Mbps_CBR_REF.h264:10989.1814:99.076675:48.663606:0.998844:0.997575
Bunny_1920x1080_24_600_11Mbps_CBR_REF.h264:10106.1974:98.966402:48.222436:0.998657:0.997276
Bunny_1920x1080_24_600_10Mbps_CBR_REF.h264:9186.8102:98.798057:47.731856:0.998421:0.996907
Bunny_1920x1080_24_600_9Mbps_CBR_REF.h264:8272.4016:98.551979:47.177718:0.998094:0.996418
Bunny_1920x1080_24_600_8Mbps_CBR_REF.h264:7346.4253:98.130993:46.527426:0.997662:0.995787
