Cactus_1920x1080_50_15Mbps_CBR_REF.h264:14998.3648:93.749344:36.569015:0.994578:0.986386
Cactus_1920x1080_50_9Mbps_CBR_REF.h264:8915.4552:89.603389:35.405127:0.991438:0.981581
Cactus_1920x1080_50_6Mbps_CBR_REF.h264:5903.1912:83.675513:34.118211:0.985944:0.974079
Cactus_1920x1080_50_3Mbps_CBR_REF.h264:2933.2976:64.063597:31.277548:0.960176:0.944707
Cactus_1920x1080_50_2Mbps_CBR_REF.h264:1950.8944:45.487435:29.176968:0.918870:0.905091
