CSGO_1920x1080_60_15Mbps_CBR_REF.h264:15195.1296:94.671659:43.640299:0.993884:0.988987
CSGO_1920x1080_60_9Mbps_CBR_REF.h264:9012.4320:88.940105:42.082811:0.986262:0.979410
CSGO_1920x1080_60_3Mbps_CBR_REF.h264:2820.1568:68.689258:37.678749:0.923818:0.921538
CSGO_1920x1080_60_2Mbps_CBR_REF.h264:1794.5384:61.029392:35.622642:0.879928:0.883667
CSGO_1920x1080_60_1.5Mbps_CBR_REF.h264:1327.0712:56.482487:34.051839:0.853115:0.859562
