CSGO_1920x1080_60_15Mbps_CBR_REF.h264:15195.1296:94.671659:43.640299:0.993884:0.988987
CSGO_1920x1080_60_9Mbps_CBR_REF.h264:9012.4320:88.940105:42.082811:0.986262:0.979410
CSGO_1920x1080_60_6Mbps_CBR_REF.h264:5875.6896:82.414246:40.668534:0.972875:0.965521
CSGO_1920x1080_60_3Mbps_CBR_REF.h264:2820.1568:68.689258:37.678749:0.923818:0.921538
CSGO_1920x1080_60_2Mbps_CBR_REF.h264:1794.5384:61.029392:35.622642:0.879928:0.883667
