DinnerScene_1920x1080_60_15Mbps_CBR_REF.h264:15202.4280:91.727486:43.233825:0.996435:0.992382
DinnerScene_1920x1080_60_11Mbps_CBR_REF.h264:11146.9216:91.096938:43.065769:0.996045:0.991894
DinnerScene_1920x1080_60_7Mbps_CBR_REF.h264:7077.0352:89.997065:42.837403:0.995450:0.991234
DinnerScene_1920x1080_60_1.5Mbps_CBR_REF.h264:1402.0880:81.197348:41.343795:0.990742:0.986656
DinnerScene_1920x1080_60_1Mbps_CBR_REF.h264:889.3600:74.284470:40.268147:0.985681:0.982137
