FoodMarket2NF_1280x720_60_7.5Mbps_CBR_REF.h264:7346.6096:97.248185:36.172953:0.994180:0.992171
FoodMarket2NF_1280x720_60_4.5Mbps_CBR_REF.h264:4285.8384:92.400247:33.744519:0.987873:0.985026
FoodMarket2NF_1280x720_60_3Mbps_CBR_REF.h264:2777.6800:84.726475:31.719200:0.977335:0.974199
FoodMarket2NF_1280x720_60_1.5Mbps_CBR_REF.h264:1324.2976:61.725696:28.117850:0.928366:0.930395
FoodMarket2NF_1280x720_60_1Mbps_CBR_REF.h264:873.8880:40.222648:25.670266:0.849332:0.866333
