Hearthstone_1920x1080_60_15Mbps_CBR_REF.h264:13558.1688:96.383964:44.382000:0.999403:0.998495
Hearthstone_1920x1080_60_9Mbps_CBR_REF.h264:7709.9856:94.966060:41.979063:0.998846:0.997442
Hearthstone_1920x1080_60_6Mbps_CBR_REF.h264:4988.2488:92.951131:39.904040:0.997954:0.995932
Hearthstone_1920x1080_60_3Mbps_CBR_REF.h264:2407.7568:85.990745:36.156915:0.993949:0.990104
Hearthstone_1920x1080_60_2Mbps_CBR_REF.h264:1593.1928:78.072132:33.840379:0.987922:0.982459
