Hearthstone_1920x1080_60_5.5Mbps_CBR_REF.h264:4549.7864:92.407255:39.449711:0.997680:0.995488
Hearthstone_1920x1080_60_3.25Mbps_CBR_REF.h264:2620.7024:87.135611:36.604307:0.994728:0.991162
Hearthstone_1920x1080_60_2.25Mbps_CBR_REF.h264:1792.6536:80.694004:34.512255:0.990154:0.985164
Hearthstone_1920x1080_60_1.125Mbps_CBR_REF.h264:891.2584:57.872316:30.266500:0.965780:0.957480
Hearthstone_1920x1080_60_0.75Mbps_CBR_REF.h264:592.1744:35.967919:27.505670:0.926405:0.917657
