Kimono1_1280x720_24_7.5Mbps_CBR_REF.h264:7530.1080:98.744107:42.505686:0.996683:0.995580
Kimono1_1280x720_24_4.5Mbps_CBR_REF.h264:4322.6496:96.452747:40.811888:0.993848:0.992896
Kimono1_1280x720_24_3Mbps_CBR_REF.h264:2817.5832:92.483845:39.212263:0.989472:0.988994
Kimono1_1280x720_24_1.5Mbps_CBR_REF.h264:1371.9648:80.245408:36.120004:0.972058:0.974556
Kimono1_1280x720_24_1Mbps_CBR_REF.h264:898.2264:69.502420:34.193003:0.950812:0.957796
