MrFox_BlueBird_1920x1080_30_5.5Mbps_CBR_REF.h264:5023.2096:93.560734:44.994883:0.996108:0.994705
MrFox_BlueBird_1920x1080_30_3.25Mbps_CBR_REF.h264:2949.7912:86.820447:41.571915:0.988882:0.987290
MrFox_BlueBird_1920x1080_30_2.25Mbps_CBR_REF.h264:2011.5856:79.191148:39.150919:0.978828:0.977442
MrFox_BlueBird_1920x1080_30_1.125Mbps_CBR_REF.h264:996.1880:55.159787:34.161350:0.941165:0.941241
MrFox_BlueBird_1920x1080_30_0.75Mbps_CBR_REF.h264:670.5184:32.864201:30.866844:0.896420:0.898744
