park_joy_1920x1080_500_50_35Mbps_CBR_REF.h264:34305.8416:96.153614:31.959388:0.991854:0.982729
park_joy_1920x1080_500_50_30Mbps_CBR_REF.h264:29379.1992:93.928014:31.249402:0.990041:0.979523
park_joy_1920x1080_500_50_25Mbps_CBR_REF.h264:24437.6600:90.859903:30.427093:0.987342:0.974908
park_joy_1920x1080_500_50_20Mbps_CBR_REF.h264:19514.5944:86.575471:29.457469:0.983148:0.968055
park_joy_1920x1080_500_50_15Mbps_CBR_REF.h264:14622.3920:80.357726:28.282888:0.976068:0.957151
