PierSeasideNF_1280x720_60_7.5Mbps_CBR_REF.h264:7650.5472:95.016938:40.310525:0.993858:0.993035
PierSeasideNF_1280x720_60_4.5Mbps_CBR_REF.h264:4574.3168:91.715419:38.572284:0.989864:0.989145
PierSeasideNF_1280x720_60_3Mbps_CBR_REF.h264:3036.2264:87.943196:37.178469:0.985184:0.984780
PierSeasideNF_1280x720_60_1.5Mbps_CBR_REF.h264:1501.7416:77.529276:34.588833:0.970602:0.971887
PierSeasideNF_1280x720_60_1Mbps_CBR_REF.h264:992.9032:67.314773:32.879005:0.953759:0.957655
