Sintel_trailer_o537n480_1920x1080_24_2Mbps_CBR_REF.h264:1838.5828:90.632153:44.886196:0.994074:0.993427
Sintel_trailer_o537n480_1920x1080_24_1.5Mbps_CBR_REF.h264:1373.7460:84.249984:42.937870:0.989734:0.989508
Sintel_trailer_o537n480_1920x1080_24_1Mbps_CBR_REF.h264:921.5088:71.497194:39.798946:0.977316:0.978747
Sintel_trailer_o537n480_1920x1080_24_0.5Mbps_CBR_REF.h264:456.2680:34.336535:32.980129:0.918156:0.928329
Sintel_trailer_o537n480_1920x1080_24_0.25Mbps_CBR_REF.h264:251.2452:7.042432:24.084711:0.787813:0.831901
