Sintel_trailer_o537n480_1920x1080_24_9Mbps_CBR_REF.h264:8689.6732:98.931002:51.954173:0.999466:0.999034
Sintel_trailer_o537n480_1920x1080_24_6Mbps_CBR_REF.h264:5734.3364:98.576524:50.428292:0.999054:0.998495
Sintel_trailer_o537n480_1920x1080_24_2Mbps_CBR_REF.h264:1838.0380:90.881027:44.908199:0.994065:0.993421
Sintel_trailer_o537n480_1920x1080_24_1Mbps_CBR_REF.h264:920.9772:71.758494:39.756974:0.977257:0.978671
Sintel_trailer_o537n480_1920x1080_24_0.5Mbps_CBR_REF.h264:453.8964:33.992122:32.989085:0.918097:0.928398
