WITCHER3_1920x1080_60_15Mbps_CBR_REF.h264:15185.0928:86.633505:36.115190:0.979428:0.967774
WITCHER3_1920x1080_60_9Mbps_CBR_REF.h264:9080.5528:79.916161:34.857005:0.967038:0.953327
WITCHER3_1920x1080_60_6Mbps_CBR_REF.h264:6040.5760:72.955008:33.934797:0.952565:0.938508
WITCHER3_1920x1080_60_3Mbps_CBR_REF.h264:3018.0344:57.568788:32.405617:0.915213:0.904539
WITCHER3_1920x1080_60_2Mbps_CBR_REF.h264:2013.4256:47.656299:31.493374:0.887143:0.880417
