BasketballDrive_1920x1080_50_15Mbps_CBR_REF.h264:15040.4520:98.278414:37.291062:0.992850:0.985014
BasketballDrive_1920x1080_50_9Mbps_CBR_REF.h264:8972.9616:93.322702:35.935207:0.987587:0.978412
BasketballDrive_1920x1080_50_6Mbps_CBR_REF.h264:5953.0600:85.487358:34.468238:0.978839:0.968796
BasketballDrive_1920x1080_50_3Mbps_CBR_REF.h264:2951.3296:61.463500:31.281456:0.939063:0.931242
BasketballDrive_1920x1080_50_2Mbps_CBR_REF.h264:1962.5200:43.167395:29.039365:0.881465:0.880422
