BoatNF_1280x720_60_7.5Mbps_CBR_REF.h264:7587.0160:88.906370:32.102326:0.990436:0.986495
BoatNF_1280x720_60_4.5Mbps_CBR_REF.h264:4527.7088:79.766309:29.572865:0.979247:0.973314
BoatNF_1280x720_60_3Mbps_CBR_REF.h264:3000.8640:69.788777:27.724527:0.962472:0.955834
BoatNF_1280x720_60_1.5Mbps_CBR_REF.h264:1472.5568:46.612970:24.872028:0.901414:0.901108
BoatNF_1280x720_60_1Mbps_CBR_REF.h264:972.2704:29.677841:23.259366:0.831586:0.843946
