bq_terrace_1920x1080p_600_60_15Mbps_CBR_REF.h264:15045.6504:94.287184:34.160599:0.992303:0.982103
bq_terrace_1920x1080p_600_60_9Mbps_CBR_REF.h264:8874.8872:91.952769:33.429763:0.990168:0.978799
bq_terrace_1920x1080p_600_60_6Mbps_CBR_REF.h264:5804.5752:88.613612:32.618699:0.986885:0.974267
bq_terrace_1920x1080p_600_60_3Mbps_CBR_REF.h264:2827.6360:76.501468:30.422875:0.972501:0.956272
bq_terrace_1920x1080p_600_60_2Mbps_CBR_REF.h264:1873.4592:64.376079:28.752500:0.953278:0.934442
