Bunny_1920x1080_24_600_12Mbps_CBR_REF.h264:10814.2304:99.042468:48.542730:0.998746:0.997397
Bunny_1920x1080_24_600_11Mbps_CBR_REF.h264:9918.1258:98.901975:48.090039:0.998548:0.997076
Bunny_1920x1080_24_600_10Mbps_CBR_REF.h264:9007.1968:98.713341:47.587089:0.998293:0.996676
Bunny_1920x1080_24_600_9Mbps_CBR_REF.h264:8105.9293:98.456249:47.013174:0.997965:0.996174
Bunny_1920x1080_24_600_8Mbps_CBR_REF.h264:7199.4560:97.977229:46.345297:0.997493:0.995485
