Bunny_1920x1080_24_600_15Mbps_CBR_REF.h264:13467.6419:99.262582:49.690939:0.999149:0.998080
Bunny_1920x1080_24_600_9Mbps_CBR_REF.h264:8105.9293:98.456249:47.013174:0.997965:0.996174
Bunny_1920x1080_24_600_6Mbps_CBR_REF.h264:5389.4093:95.875404:44.720967:0.995782:0.993162
Bunny_1920x1080_24_600_3Mbps_CBR_REF.h264:2665.0870:84.035998:40.718133:0.983663:0.979757
Bunny_1920x1080_24_600_2Mbps_CBR_REF.h264:1761.9706:72.274899:38.263132:0.964410:0.961438
