Cactus_1920x1080_50_15Mbps_CBR_REF.h264:14982.5784:93.698940:36.557170:0.994576:0.986373
Cactus_1920x1080_50_9Mbps_CBR_REF.h264:8878.4168:89.415998:35.339821:0.991336:0.981380
Cactus_1920x1080_50_6Mbps_CBR_REF.h264:5898.7920:83.154648:33.989282:0.985484:0.973368
Cactus_1920x1080_50_3Mbps_CBR_REF.h264:2937.8160:62.446293:31.078654:0.957939:0.942063
Cactus_1920x1080_50_2Mbps_CBR_REF.h264:1958.3584:43.411265:28.983763:0.914603:0.900557
