crowd_run_1920x1080p_500_50_35Mbps_CBR_REF.h264:35139.3016:97.575844:34.238856:0.994599:0.986625
crowd_run_1920x1080p_500_50_30Mbps_CBR_REF.h264:30087.8504:96.329598:33.622561:0.993619:0.984556
crowd_run_1920x1080p_500_50_25Mbps_CBR_REF.h264:25060.1648:94.347104:32.856418:0.992072:0.981498
crowd_run_1920x1080p_500_50_20Mbps_CBR_REF.h264:20043.7008:91.029351:31.886998:0.989348:0.976515
crowd_run_1920x1080p_500_50_15Mbps_CBR_REF.h264:15026.7680:85.334431:30.595293:0.984138:0.967514
