crowd_run_1280x720_50_12Mbps_CBR_REF.h264:12031.6296:90.780567:30.921949:0.984683:0.980558
crowd_run_1280x720_50_10Mbps_CBR_REF.h264:10025.6968:87.552906:30.037442:0.980346:0.975698
crowd_run_1280x720_50_7.5Mbps_CBR_REF.h264:7524.1648:81.511849:28.704804:0.971018:0.965781
crowd_run_1280x720_50_4.5Mbps_CBR_REF.h264:4519.2776:68.106251:26.523188:0.944142:0.939489
crowd_run_1280x720_50_3Mbps_CBR_REF.h264:3016.6128:54.964424:24.970667:0.909315:0.908282
