CSGO_1920x1080_60_15Mbps_CBR_REF.h264:14961.9304:94.722452:43.586476:0.993992:0.989099
CSGO_1920x1080_60_9Mbps_CBR_REF.h264:8900.9432:89.038851:42.012143:0.986772:0.979846
CSGO_1920x1080_60_3Mbps_CBR_REF.h264:2824.8320:68.668426:37.640226:0.926379:0.923548
CSGO_1920x1080_60_2Mbps_CBR_REF.h264:1816.1776:61.077211:35.668401:0.882290:0.885779
CSGO_1920x1080_60_1.5Mbps_CBR_REF.h264:1349.0112:56.265771:34.111600:0.853498:0.860008
