DinnerScene_1920x1080_60_15Mbps_CBR_REF.h264:15125.9512:91.736526:43.227787:0.996426:0.992375
DinnerScene_1920x1080_60_11Mbps_CBR_REF.h264:11068.4848:91.063076:43.053741:0.996040:0.991887
DinnerScene_1920x1080_60_7Mbps_CBR_REF.h264:7003.8112:89.772426:42.794180:0.995435:0.991200
DinnerScene_1920x1080_60_1.5Mbps_CBR_REF.h264:1381.0552:79.441524:41.043922:0.989740:0.985685
DinnerScene_1920x1080_60_1Mbps_CBR_REF.h264:885.9360:71.109356:39.787190:0.983022:0.979779
