DOTA2_1920x1080_60_600_15Mbps_CBR_REF.h264:14993.6208:95.586428:40.140527:0.996512:0.992825
DOTA2_1920x1080_60_600_9Mbps_CBR_REF.h264:8913.9376:92.415432:38.145414:0.993819:0.988375
DOTA2_1920x1080_60_600_6Mbps_CBR_REF.h264:5885.7264:88.238042:36.433285:0.989768:0.982652
DOTA2_1920x1080_60_600_3Mbps_CBR_REF.h264:2914.9648:74.391167:33.242464:0.972973:0.963308
DOTA2_1920x1080_60_600_2Mbps_CBR_REF.h264:1936.7864:59.068545:31.122827:0.949018:0.939595
