FoodMarket2NF_1280x720_60_7.5Mbps_CBR_REF.h264:7340.1360:97.192574:36.107011:0.994100:0.992035
FoodMarket2NF_1280x720_60_4.5Mbps_CBR_REF.h264:4292.7264:92.374845:33.653914:0.987659:0.984697
FoodMarket2NF_1280x720_60_3Mbps_CBR_REF.h264:2804.0160:84.723265:31.650684:0.977067:0.973765
FoodMarket2NF_1280x720_60_1.5Mbps_CBR_REF.h264:1350.0896:61.887953:28.088510:0.928222:0.930023
FoodMarket2NF_1280x720_60_1Mbps_CBR_REF.h264:891.9728:40.212252:25.662271:0.850015:0.866483
