GTAV_1920x1080_60_600_15Mbps_CBR_REF.h264:14509.2920:84.325494:33.415990:0.973315:0.958567
GTAV_1920x1080_60_600_9Mbps_CBR_REF.h264:8709.0600:72.859787:31.638794:0.948383:0.930692
GTAV_1920x1080_60_600_6Mbps_CBR_REF.h264:5801.0008:61.870767:30.228998:0.915273:0.898138
GTAV_1920x1080_60_600_3Mbps_CBR_REF.h264:2911.9208:42.195647:27.707496:0.823300:0.816357
GTAV_1920x1080_60_600_2Mbps_CBR_REF.h264:1949.0296:31.941571:26.218374:0.751373:0.754924
