Hearthstone_1920x1080_60_15Mbps_CBR_REF.h264:13578.7944:96.362984:44.245655:0.999385:0.998452
Hearthstone_1920x1080_60_9Mbps_CBR_REF.h264:7817.7528:94.974556:41.926413:0.998816:0.997388
Hearthstone_1920x1080_60_6Mbps_CBR_REF.h264:5081.6896:92.917295:39.893067:0.997906:0.995851
Hearthstone_1920x1080_60_3Mbps_CBR_REF.h264:2448.7000:85.485632:36.058993:0.993611:0.989635
Hearthstone_1920x1080_60_2Mbps_CBR_REF.h264:1606.7512:76.880344:33.655527:0.986969:0.981239
