Kimono1_1280x720_24_7.5Mbps_CBR_REF.h264:7465.9384:98.718011:42.474369:0.996656:0.995551
Kimono1_1280x720_24_4.5Mbps_CBR_REF.h264:4329.0408:96.409819:40.779685:0.993749:0.992805
Kimono1_1280x720_24_3Mbps_CBR_REF.h264:2834.8344:92.297846:39.178001:0.989163:0.988737
Kimono1_1280x720_24_1.5Mbps_CBR_REF.h264:1395.8600:80.005416:36.139398:0.971293:0.973995
Kimono1_1280x720_24_1Mbps_CBR_REF.h264:922.4376:69.032937:34.210078:0.949076:0.956565
