Kimono1_1920x1080_24_15Mbps_CBR_REF.h264:15073.6864:98.244400:41.633121:0.997314:0.993463
Kimono1_1920x1080_24_9Mbps_CBR_REF.h264:8807.2600:96.213788:40.775168:0.995795:0.991350
Kimono1_1920x1080_24_6Mbps_CBR_REF.h264:5709.5872:92.509886:39.776530:0.993272:0.988295
Kimono1_1920x1080_24_3Mbps_CBR_REF.h264:2748.2256:80.518916:37.391621:0.982302:0.976642
Kimono1_1920x1080_24_2Mbps_CBR_REF.h264:1803.6048:69.601322:35.627878:0.967393:0.962288
