MINECRAFT_1920x1080_60_600_15Mbps_CBR_REF.h264:15022.0272:89.268545:32.824330:0.981445:0.970055
MINECRAFT_1920x1080_60_600_9Mbps_CBR_REF.h264:8947.3384:77.020349:30.829535:0.963802:0.948557
MINECRAFT_1920x1080_60_600_6Mbps_CBR_REF.h264:5914.7920:63.200657:29.318854:0.935677:0.919452
MINECRAFT_1920x1080_60_600_3Mbps_CBR_REF.h264:2936.4640:33.939105:26.554811:0.815497:0.811712
MINECRAFT_1920x1080_60_600_2Mbps_CBR_REF.h264:1981.5256:22.532561:25.038452:0.703085:0.712421
