MrFox_BlueBird_1920x1080_30_5.5Mbps_CBR_REF.h264:5104.4592:94.255636:45.194836:0.996784:0.995292
MrFox_BlueBird_1920x1080_30_3.25Mbps_CBR_REF.h264:2981.9904:87.892933:41.746350:0.990858:0.988925
MrFox_BlueBird_1920x1080_30_2.25Mbps_CBR_REF.h264:2050.4288:80.163170:39.309317:0.981665:0.979934
MrFox_BlueBird_1920x1080_30_1.125Mbps_CBR_REF.h264:1026.7664:56.178821:34.464555:0.944873:0.944955
MrFox_BlueBird_1920x1080_30_0.75Mbps_CBR_REF.h264:679.9632:33.611600:31.071271:0.899519:0.902524
