MrFox_BlueBird_1920x1080_30_15Mbps_CBR_REF.h264:12387.8808:97.501655:51.884045:0.999500:0.999000
MrFox_BlueBird_1920x1080_30_9Mbps_CBR_REF.h264:8135.2992:96.612997:48.517847:0.998740:0.997814
MrFox_BlueBird_1920x1080_30_6Mbps_CBR_REF.h264:5533.5680:94.927945:45.722347:0.997314:0.995933
MrFox_BlueBird_1920x1080_30_3Mbps_CBR_REF.h264:2757.8912:86.435013:41.293604:0.989274:0.987379
MrFox_BlueBird_1920x1080_30_2Mbps_CBR_REF.h264:1835.0168:77.060372:38.575002:0.977382:0.975899
