ParkScene_1280x720_24_7.5Mbps_CBR_REF.h264:7430.1672:96.203755:39.522095:0.995677:0.994312
ParkScene_1280x720_24_4.5Mbps_CBR_REF.h264:4421.7824:93.374787:37.558463:0.992627:0.990803
ParkScene_1280x720_24_3Mbps_CBR_REF.h264:2928.0400:89.837770:35.942473:0.988373:0.986128
ParkScene_1280x720_24_1.5Mbps_CBR_REF.h264:1451.1880:79.282831:33.119603:0.972619:0.970242
ParkScene_1280x720_24_1Mbps_CBR_REF.h264:964.5960:69.755181:31.520021:0.954087:0.953215
