park_joy_1280x720_50_12Mbps_CBR_REF.h264:11803.3352:88.220284:29.263032:0.978010:0.974546
park_joy_1280x720_50_10Mbps_CBR_REF.h264:9825.0760:84.789564:28.455989:0.972485:0.968762
park_joy_1280x720_50_7.5Mbps_CBR_REF.h264:7361.5168:78.888374:27.271086:0.961512:0.957679
park_joy_1280x720_50_4.5Mbps_CBR_REF.h264:4416.5416:66.673921:25.402941:0.933167:0.930688
park_joy_1280x720_50_3Mbps_CBR_REF.h264:2941.9536:55.739009:24.115713:0.899811:0.900633
