park_joy_1920x1080_500_50_35Mbps_CBR_REF.h264:34381.6184:96.200199:31.976510:0.991824:0.982673
park_joy_1920x1080_500_50_30Mbps_CBR_REF.h264:29411.1968:93.947893:31.263353:0.989988:0.979412
park_joy_1920x1080_500_50_25Mbps_CBR_REF.h264:24483.4392:90.867844:30.442205:0.987254:0.974702
park_joy_1920x1080_500_50_20Mbps_CBR_REF.h264:19564.7344:86.610438:29.476350:0.982986:0.967714
park_joy_1920x1080_500_50_15Mbps_CBR_REF.h264:14649.7288:80.402775:28.296344:0.975671:0.956499
