PierSeasideNF_1280x720_60_7.5Mbps_CBR_REF.h264:7539.4576:94.923855:40.235097:0.993807:0.992964
PierSeasideNF_1280x720_60_4.5Mbps_CBR_REF.h264:4515.4128:91.507775:38.479041:0.989751:0.988999
PierSeasideNF_1280x720_60_3Mbps_CBR_REF.h264:2997.9048:87.706154:37.083691:0.984918:0.984494
PierSeasideNF_1280x720_60_1.5Mbps_CBR_REF.h264:1484.9408:76.886312:34.475053:0.969533:0.970925
PierSeasideNF_1280x720_60_1Mbps_CBR_REF.h264:983.1312:66.496208:32.756513:0.951718:0.955924
