RedKayak_1920x1080_30_15Mbps_CBR_REF.h264:14328.1768:92.173292:39.050532:0.989805:0.983908
RedKayak_1920x1080_30_9Mbps_CBR_REF.h264:8501.6013:81.604113:36.915918:0.979326:0.972068
RedKayak_1920x1080_30_6Mbps_CBR_REF.h264:5674.9629:70.859939:35.254382:0.965155:0.957550
RedKayak_1920x1080_30_3Mbps_CBR_REF.h264:2870.9646:49.438287:32.485458:0.922156:0.917535
RedKayak_1920x1080_30_2Mbps_CBR_REF.h264:1920.9966:36.473599:30.893472:0.882446:0.882856
