RushFieldCuts_1920x1080_30_15Mbps_CBR_REF.h264:14937.7869:95.924858:37.664974:0.995359:0.990143
RushFieldCuts_1920x1080_30_9Mbps_CBR_REF.h264:8875.5882:91.551422:36.037636:0.991672:0.984859
RushFieldCuts_1920x1080_30_6Mbps_CBR_REF.h264:5907.6737:84.021040:34.336958:0.985163:0.976686
RushFieldCuts_1920x1080_30_3Mbps_CBR_REF.h264:2956.1048:62.674688:30.993162:0.957450:0.947046
RushFieldCuts_1920x1080_30_2Mbps_CBR_REF.h264:1977.7840:47.379818:28.921669:0.923871:0.914907
