Sintel_trailer_o537n480_1920x1080_24_2Mbps_CBR_REF.h264:1844.5080:90.268201:44.848018:0.994363:0.993655
Sintel_trailer_o537n480_1920x1080_24_1.5Mbps_CBR_REF.h264:1373.3712:84.045611:42.845460:0.990058:0.989793
Sintel_trailer_o537n480_1920x1080_24_1Mbps_CBR_REF.h264:916.3356:70.146568:39.693036:0.976679:0.978259
Sintel_trailer_o537n480_1920x1080_24_0.5Mbps_CBR_REF.h264:457.1052:34.626429:32.833856:0.917896:0.927704
Sintel_trailer_o537n480_1920x1080_24_0.25Mbps_CBR_REF.h264:259.7788:10.665793:24.883768:0.799574:0.830483
