Sintel_trailer_o537n480_1920x1080_24_9Mbps_CBR_REF.h264:8607.6804:98.923800:51.969061:0.999465:0.999034
Sintel_trailer_o537n480_1920x1080_24_6Mbps_CBR_REF.h264:5702.6780:98.536484:50.387787:0.999067:0.998508
Sintel_trailer_o537n480_1920x1080_24_2Mbps_CBR_REF.h264:1844.1460:90.279759:44.817998:0.994363:0.993660
Sintel_trailer_o537n480_1920x1080_24_1Mbps_CBR_REF.h264:916.2348:70.321380:39.657510:0.976732:0.978304
Sintel_trailer_o537n480_1920x1080_24_0.5Mbps_CBR_REF.h264:457.0940:33.360904:32.847522:0.917637:0.927555
