TangoNF_1280x720_60_7.5Mbps_CBR_REF.h264:7340.4359:96.685689:40.158788:0.993337:0.992218
TangoNF_1280x720_60_4.5Mbps_CBR_REF.h264:4377.4645:90.114733:37.733932:0.986383:0.986016
TangoNF_1280x720_60_3Mbps_CBR_REF.h264:2907.3780:80.545797:35.525661:0.974404:0.976184
TangoNF_1280x720_60_1.5Mbps_CBR_REF.h264:1464.7151:51.755756:31.214296:0.919954:0.934699
TangoNF_1280x720_60_1Mbps_CBR_REF.h264:985.7420:31.201457:28.229774:0.843315:0.875820
