touchdown_pass_1280x720_30_7.5Mbps_CBR_REF.h264:7441.1044:98.669919:41.123553:0.993889:0.992205
touchdown_pass_1280x720_30_4.5Mbps_CBR_REF.h264:4440.0421:97.421842:39.862562:0.990347:0.988544
touchdown_pass_1280x720_30_3Mbps_CBR_REF.h264:2939.1840:94.728394:38.677707:0.985288:0.983648
touchdown_pass_1280x720_30_1.5Mbps_CBR_REF.h264:1456.3124:83.118103:36.169495:0.965497:0.966538
touchdown_pass_1280x720_30_1Mbps_CBR_REF.h264:967.7499:70.533900:34.391037:0.941271:0.947314
