WITCHER3_1920x1080_60_15Mbps_CBR_REF.h264:15011.4848:86.320521:36.081081:0.979046:0.967357
WITCHER3_1920x1080_60_9Mbps_CBR_REF.h264:8985.8904:79.735361:34.831071:0.966575:0.952902
WITCHER3_1920x1080_60_6Mbps_CBR_REF.h264:5987.7704:72.917094:33.910495:0.952026:0.938012
WITCHER3_1920x1080_60_3Mbps_CBR_REF.h264:2997.2216:57.623932:32.387593:0.914753:0.904133
WITCHER3_1920x1080_60_2Mbps_CBR_REF.h264:1998.0248:47.171937:31.454283:0.886771:0.880071
