Bunny_1920x1080_24_600_15Mbps_CBR_REF.h265:10469.7757:98.945198:49.235125:0.998495:0.997318
Bunny_1920x1080_24_600_9Mbps_CBR_REF.h265:6288.2173:97.679562:46.863943:0.996777:0.995010
Bunny_1920x1080_24_600_6Mbps_CBR_REF.h265:4166.0784:95.265204:44.993278:0.994227:0.991932
Bunny_1920x1080_24_600_3Mbps_CBR_REF.h265:2006.8371:86.501919:41.757967:0.984315:0.981338
Bunny_1920x1080_24_600_2Mbps_CBR_REF.h265:1333.6890:79.191494:39.881900:0.973242:0.970588
