Cactus_1920x1080_50_15Mbps_CBR_REF.h265:13657.6632:94.264117:37.036768:0.993919:0.986075
Cactus_1920x1080_50_9Mbps_CBR_REF.h265:8267.4384:91.360709:36.114061:0.991262:0.982308
Cactus_1920x1080_50_6Mbps_CBR_REF.h265:5509.2912:87.014336:35.028844:0.986953:0.976611
Cactus_1920x1080_50_3Mbps_CBR_REF.h265:2766.9608:73.779581:32.690419:0.970726:0.957466
Cactus_1920x1080_50_2Mbps_CBR_REF.h265:1862.9656:63.123205:31.232865:0.952905:0.938893
