CSGO_1920x1080_60_15Mbps_CBR_REF.h265:14082.6120:94.731422:45.621159:0.993306:0.988936
CSGO_1920x1080_60_9Mbps_CBR_REF.h265:8459.2776:90.528411:44.450512:0.987384:0.981716
CSGO_1920x1080_60_6Mbps_CBR_REF.h265:5686.3320:84.730410:43.226417:0.977538:0.971327
CSGO_1920x1080_60_3Mbps_CBR_REF.h265:2510.3392:78.241206:41.375747:0.962556:0.956392
CSGO_1920x1080_60_2Mbps_CBR_REF.h265:1595.3792:72.415984:39.589168:0.944173:0.939793
