DOTA2_1920x1080_60_600_15Mbps_CBR_REF.h265:14749.0160:95.926463:40.983805:0.996046:0.992635
DOTA2_1920x1080_60_600_9Mbps_CBR_REF.h265:8808.2200:93.511469:39.233038:0.993494:0.988818
DOTA2_1920x1080_60_600_6Mbps_CBR_REF.h265:5826.4680:90.495015:37.784526:0.990150:0.984247
DOTA2_1920x1080_60_600_3Mbps_CBR_REF.h265:2840.8264:82.446737:35.284036:0.979733:0.971942
DOTA2_1920x1080_60_600_2Mbps_CBR_REF.h265:1877.4600:74.730930:33.749179:0.969130:0.960718
