FoodMarket2NF_1280x720_60_7.5Mbps_CBR_REF.h265:6202.6240:96.955738:36.399901:0.992727:0.991196
FoodMarket2NF_1280x720_60_4.5Mbps_CBR_REF.h265:3762.0496:93.497935:34.329341:0.986799:0.985015
FoodMarket2NF_1280x720_60_3Mbps_CBR_REF.h265:2508.1536:87.973684:32.647003:0.978441:0.976822
FoodMarket2NF_1280x720_60_1.5Mbps_CBR_REF.h265:1254.7536:74.445901:29.902720:0.952547:0.953148
FoodMarket2NF_1280x720_60_1Mbps_CBR_REF.h265:832.3904:63.908278:28.386628:0.927622:0.931524
