GTAV_1920x1080_60_600_15Mbps_CBR_REF.h265:14276.6544:87.109740:34.185801:0.975853:0.963301
GTAV_1920x1080_60_600_9Mbps_CBR_REF.h265:8549.9920:78.503240:32.613602:0.959205:0.943976
GTAV_1920x1080_60_600_6Mbps_CBR_REF.h265:5703.2944:70.872510:31.476454:0.940874:0.924619
GTAV_1920x1080_60_600_3Mbps_CBR_REF.h265:2861.8104:56.942002:29.662434:0.897935:0.883064
GTAV_1920x1080_60_600_2Mbps_CBR_REF.h265:1909.7840:48.879572:28.646101:0.864942:0.853119
