Hearthstone_1920x1080_60_15Mbps_CBR_REF.h265:11046.6304:95.956291:45.473696:0.999031:0.998150
Hearthstone_1920x1080_60_9Mbps_CBR_REF.h265:6460.7632:94.317800:42.756355:0.998186:0.996819
Hearthstone_1920x1080_60_6Mbps_CBR_REF.h265:4260.4752:92.130287:40.509241:0.996925:0.994963
Hearthstone_1920x1080_60_3Mbps_CBR_REF.h265:2124.1160:84.987819:36.625219:0.991939:0.988302
Hearthstone_1920x1080_60_2Mbps_CBR_REF.h265:1400.4312:78.103841:34.445829:0.985697:0.980731
