Kimono1_1280x720_24_7.5Mbps_CBR_REF.h265:6091.7528:97.842747:42.696741:0.994942:0.994383
Kimono1_1280x720_24_4.5Mbps_CBR_REF.h265:3482.5080:95.128463:40.878442:0.990737:0.990700
Kimono1_1280x720_24_3Mbps_CBR_REF.h265:2342.2888:91.625413:39.495971:0.985596:0.986414
Kimono1_1280x720_24_1.5Mbps_CBR_REF.h265:1207.7768:82.406138:36.873845:0.969484:0.973390
Kimono1_1280x720_24_1Mbps_CBR_REF.h265:796.9920:74.717024:35.212867:0.953048:0.960361
