MINECRAFT_1920x1080_60_600_15Mbps_CBR_REF.h265:14474.9008:87.851632:32.971304:0.978982:0.968064
MINECRAFT_1920x1080_60_600_9Mbps_CBR_REF.h265:8572.4184:78.248502:31.348843:0.965077:0.951509
MINECRAFT_1920x1080_60_600_6Mbps_CBR_REF.h265:5625.3152:69.134283:30.193146:0.948386:0.933621
MINECRAFT_1920x1080_60_600_3Mbps_CBR_REF.h265:2735.0064:51.795505:28.392946:0.904005:0.890891
MINECRAFT_1920x1080_60_600_2Mbps_CBR_REF.h265:1792.8768:41.839853:27.409180:0.864726:0.855529
