MrFox_BlueBird_1920x1080_30_15Mbps_CBR_REF.h265:8897.3168:96.561326:50.114746:0.998521:0.997854
MrFox_BlueBird_1920x1080_30_9Mbps_CBR_REF.h265:5578.0544:94.983138:47.057909:0.996804:0.995778
MrFox_BlueBird_1920x1080_30_6Mbps_CBR_REF.h265:3827.4216:93.222150:45.008602:0.994610:0.993274
MrFox_BlueBird_1920x1080_30_3Mbps_CBR_REF.h265:1931.8432:87.190089:41.405300:0.986935:0.985174
MrFox_BlueBird_1920x1080_30_2Mbps_CBR_REF.h265:1294.5704:80.791504:39.328093:0.977289:0.975743
