park_joy_1920x1080_500_50_35Mbps_CBR_REF.h265:32815.9128:93.471371:31.780243:0.989210:0.979709
park_joy_1920x1080_500_50_30Mbps_CBR_REF.h265:28078.5304:91.048053:31.097469:0.987048:0.976212
park_joy_1920x1080_500_50_25Mbps_CBR_REF.h265:23356.0128:87.874615:30.320823:0.983947:0.971367
park_joy_1920x1080_500_50_20Mbps_CBR_REF.h265:18641.6208:83.557469:29.413951:0.979205:0.964279
park_joy_1920x1080_500_50_15Mbps_CBR_REF.h265:13972.0704:77.529591:28.333604:0.971695:0.953512
