park_joy_1280x720_50_12Mbps_CBR_REF.h265:11202.4472:84.126089:28.925661:0.971564:0.969401
park_joy_1280x720_50_10Mbps_CBR_REF.h265:9320.7464:80.470902:28.163780:0.965199:0.963088
park_joy_1280x720_50_7.5Mbps_CBR_REF.h265:6993.5616:74.430792:27.075934:0.953384:0.951665
park_joy_1280x720_50_4.5Mbps_CBR_REF.h265:4198.8792:63.120596:25.435750:0.925640:0.925830
park_joy_1280x720_50_3Mbps_CBR_REF.h265:2805.5832:54.111762:24.345516:0.898284:0.901170
