RushFieldCuts_1920x1080_30_15Mbps_CBR_REF.h265:12909.8282:94.640335:37.852091:0.993441:0.988065
RushFieldCuts_1920x1080_30_9Mbps_CBR_REF.h265:7695.1621:89.789352:36.188778:0.988304:0.981611
RushFieldCuts_1920x1080_30_6Mbps_CBR_REF.h265:5149.1916:83.399987:34.735850:0.981012:0.973350
RushFieldCuts_1920x1080_30_3Mbps_CBR_REF.h265:2598.1208:67.320252:32.005406:0.958061:0.949720
RushFieldCuts_1920x1080_30_2Mbps_CBR_REF.h265:1763.6842:56.808428:30.453757:0.937749:0.930015
