TangoNF_1280x720_60_7.5Mbps_CBR_REF.h265:6683.1020:96.637824:40.807474:0.992070:0.991660
TangoNF_1280x720_60_4.5Mbps_CBR_REF.h265:4002.7118:91.663457:38.746593:0.985869:0.986369
TangoNF_1280x720_60_3Mbps_CBR_REF.h265:2653.6604:85.236615:36.930281:0.977253:0.979345
TangoNF_1280x720_60_1.5Mbps_CBR_REF.h265:1325.2229:67.920623:33.641837:0.949172:0.957402
TangoNF_1280x720_60_1Mbps_CBR_REF.h265:887.6539:55.305938:31.769085:0.922267:0.936738
