touchdown_pass_1280x720_30_7.5Mbps_CBR_REF.h265:6771.7381:98.413685:41.663762:0.993369:0.992049
touchdown_pass_1280x720_30_4.5Mbps_CBR_REF.h265:4105.1309:97.254412:40.487607:0.990007:0.988653
touchdown_pass_1280x720_30_3Mbps_CBR_REF.h265:2757.0771:95.239649:39.426728:0.985418:0.984294
touchdown_pass_1280x720_30_1.5Mbps_CBR_REF.h265:1401.1714:87.726695:37.389993:0.970458:0.971219
touchdown_pass_1280x720_30_1Mbps_CBR_REF.h265:938.3566:80.442390:36.080052:0.955481:0.959029
