crowd_run_1280x720_50_12Mbps_CBR_REF.h265:11719.987200000001:87.7927:30.648143:0.980708:0.977032
crowd_run_1280x720_50_10Mbps_CBR_REF.h265:9760.467200000001:84.356344:29.814778:0.975817:0.971854
crowd_run_1280x720_50_7.5Mbps_CBR_REF.h265:7367.836:78.207064:28.581539:0.966038:0.961854
crowd_run_1280x720_50_4.5Mbps_CBR_REF.h265:4463.317599999999:65.927142:26.661257:0.940558:0.937555
crowd_run_1280x720_50_3Mbps_CBR_REF.h265:2984.4968000000003:55.706547:25.393404:0.913037:0.912901
