crowd_run_1280x720_50_15Mbps_CBR_REF.h265:14635.5488:91.518836:31.730225:0.985454:0.982245
crowd_run_1280x720_50_12Mbps_CBR_REF.h265:11751.4392:87.915395:30.666765:0.980791:0.977135
crowd_run_1280x720_50_10Mbps_CBR_REF.h265:9791.9904:84.400432:29.819579:0.975838:0.971862
crowd_run_1280x720_50_8Mbps_CBR_REF.h265:7878.969599999999:79.707356:28.853299:0.968392:0.964259
crowd_run_1280x720_50_6Mbps_CBR_REF.h265:5926.1808:73.047733:27.701096:0.956304:0.952348
