CSGO_1920x1080_60_15Mbps_CBR_REF.h265:13943.42592:96.330052:48.303798:0.996727:0.99425
CSGO_1920x1080_60_9Mbps_CBR_REF.h265:8352.2112:93.808015:47.203146:0.994049:0.990693
CSGO_1920x1080_60_6Mbps_CBR_REF.h265:5600.41248:89.304376:46.017051:0.987774:0.984033
CSGO_1920x1080_60_3Mbps_CBR_REF.h265:2412.4387199999996:85.404947:44.151706:0.982644:0.978327
CSGO_1920x1080_60_2Mbps_CBR_REF.h265:1512.1891199999998:80.349044:42.276025:0.973527:0.969775
