GTAV_1920x1080_60_600_15Mbps_CBR_REF.h265:14739.303360000002:85.796406:33.858188:0.973826:0.960564
GTAV_1920x1080_60_600_9Mbps_CBR_REF.h265:8850.210239999999:76.946536:32.29981:0.95593:0.939976
GTAV_1920x1080_60_600_6Mbps_CBR_REF.h265:5886.4627199999995:69.138932:31.169572:0.936433:0.91957
GTAV_1920x1080_60_600_3Mbps_CBR_REF.h265:2931.2572800000003:55.551799:29.390502:0.891441:0.876349
GTAV_1920x1080_60_600_2Mbps_CBR_REF.h265:1945.5264:47.710596:28.401767:0.858091:0.846106
