Kimono1_1920x1080_24_15Mbps_CBR_REF.h265:12947.328800000001:97.877531:42.050279:0.996657:0.993112
Kimono1_1920x1080_24_9Mbps_CBR_REF.h265:7367.6224:96.045102:41.116257:0.994596:0.99057
Kimono1_1920x1080_24_6Mbps_CBR_REF.h265:4706.480799999999:93.161729:40.25144:0.991763:0.987523
Kimono1_1920x1080_24_3Mbps_CBR_REF.h265:2377.6607999999997:85.036214:38.361144:0.982389:0.97822
Kimono1_1920x1080_24_2Mbps_CBR_REF.h265:1572.46:77.811514:36.954164:0.972288:0.968608
