MINECRAFT_1920x1080_60_600_15Mbps_CBR_REF.h265:14339.29152:88.334995:33.207446:0.979171:0.969016
MINECRAFT_1920x1080_60_600_9Mbps_CBR_REF.h265:8532.86016:78.541006:31.527807:0.964969:0.952467
MINECRAFT_1920x1080_60_600_6Mbps_CBR_REF.h265:5603.59296:69.132312:30.304827:0.947726:0.934295
MINECRAFT_1920x1080_60_600_3Mbps_CBR_REF.h265:2735.4547199999997:51.47045:28.431121:0.901987:0.890731
MINECRAFT_1920x1080_60_600_2Mbps_CBR_REF.h265:1793.90016:41.291993:27.414048:0.861507:0.85444
