park_joy_1920x1080_500_50_35Mbps_CBR_REF.h265:32817.9952:93.473917:31.781237:0.989197:0.979676
park_joy_1920x1080_500_50_30Mbps_CBR_REF.h265:28071.420799999996:91.025609:31.094675:0.986956:0.976087
park_joy_1920x1080_500_50_25Mbps_CBR_REF.h265:23339.068:87.834052:30.314294:0.983861:0.971256
park_joy_1920x1080_500_50_20Mbps_CBR_REF.h265:18624.276:83.527807:29.411118:0.979181:0.964212
park_joy_1920x1080_500_50_15Mbps_CBR_REF.h265:13966.516:77.507465:28.332145:0.971673:0.953475
