park_joy_1280x720_50_15Mbps_CBR_REF.h265:14018.104800000001:88.192481:29.91351:0.978021:0.975921
park_joy_1280x720_50_12Mbps_CBR_REF.h265:11193.892800000001:84.111394:28.923426:0.971493:0.969338
park_joy_1280x720_50_10Mbps_CBR_REF.h265:9317.989599999999:80.475986:28.162396:0.965079:0.962999
park_joy_1280x720_50_8Mbps_CBR_REF.h265:7461.301600000001:75.793577:27.306779:0.956211:0.954366
park_joy_1280x720_50_6Mbps_CBR_REF.h265:5599.1696:69.566929:26.315737:0.942294:0.94119
