ParkScene_1280x720_24_7.5Mbps_CBR_REF.h265:6475.1512:95.237:39.34058:0.993868:0.992748
ParkScene_1280x720_24_4.5Mbps_CBR_REF.h265:3894.7416:92.083141:37.385261:0.98976:0.988467
ParkScene_1280x720_24_3Mbps_CBR_REF.h265:2593.42:88.402233:35.846494:0.984488:0.983192
ParkScene_1280x720_24_1.5Mbps_CBR_REF.h265:1309.8624:79.103568:33.392508:0.969097:0.968584
ParkScene_1280x720_24_1Mbps_CBR_REF.h265:874.9648000000001:71.263315:32.005694:0.953514:0.954564
