PierSeasideNF_1280x720_60_7.5Mbps_CBR_REF.h265:7462.97856:97.106915:42.287946:0.995496:0.994981
PierSeasideNF_1280x720_60_4.5Mbps_CBR_REF.h265:4467.1046400000005:95.390186:40.732157:0.993178:0.992712
PierSeasideNF_1280x720_60_3Mbps_CBR_REF.h265:2980.93824:93.633043:39.545875:0.990694:0.990372
PierSeasideNF_1280x720_60_1.5Mbps_CBR_REF.h265:1476.7814400000002:89.170098:37.504462:0.984677:0.984877
PierSeasideNF_1280x720_60_1Mbps_CBR_REF.h265:973.3526400000001:85.163907:36.201707:0.979277:0.980058
