RedKayak_1920x1080_30_15Mbps_CBR_REF.h265:12512.54784:89.452409:38.822006:0.983917:0.978701
RedKayak_1920x1080_30_9Mbps_CBR_REF.h265:7328.9572800000005:79.521244:36.668561:0.970985:0.965149
RedKayak_1920x1080_30_6Mbps_CBR_REF.h265:4836.89568:70.212991:35.082959:0.956017:0.950403
RedKayak_1920x1080_30_3Mbps_CBR_REF.h265:2426.72592:53.74779:32.652962:0.920933:0.917368
RedKayak_1920x1080_30_2Mbps_CBR_REF.h265:1636.81248:44.405112:31.39603:0.895064:0.893836
