Sintel_trailer_o537n480_1920x1080_24_9Mbps_CBR_REF.h265:7541.018399999999:98.984395:53.481287:0.999299:0.999
Sintel_trailer_o537n480_1920x1080_24_6Mbps_CBR_REF.h265:4928.116:98.699438:52.185228:0.998901:0.998545
Sintel_trailer_o537n480_1920x1080_24_2Mbps_CBR_REF.h265:1583.186:95.956541:48.271658:0.995959:0.995594
Sintel_trailer_o537n480_1920x1080_24_1Mbps_CBR_REF.h265:773.0928:90.105734:45.280009:0.990203:0.990402
Sintel_trailer_o537n480_1920x1080_24_0.5Mbps_CBR_REF.h265:373.20279999999997:77.976908:41.496185:0.975497:0.977716
