touchdown_pass_1280x720_30_7.5Mbps_CBR_REF.h265:6799.9857600000005:98.16415:41.427326:0.993075:0.991718
touchdown_pass_1280x720_30_4.5Mbps_CBR_REF.h265:4110.63072:96.870547:40.237312:0.98955:0.98815
touchdown_pass_1280x720_30_3Mbps_CBR_REF.h265:2750.72784:94.676011:39.160183:0.984676:0.983491
touchdown_pass_1280x720_30_1.5Mbps_CBR_REF.h265:1395.8208:87.172095:37.132191:0.968986:0.969679
touchdown_pass_1280x720_30_1Mbps_CBR_REF.h265:936.12432:79.963849:35.839778:0.953348:0.956876
