WITCHER3_1920x1080_60_15Mbps_CBR_REF.h265:14157.68448:88.507179:36.795579:0.979066:0.968791
WITCHER3_1920x1080_60_9Mbps_CBR_REF.h265:8524.04544:84.092311:35.774632:0.970111:0.95829
WITCHER3_1920x1080_60_6Mbps_CBR_REF.h265:5712.8448:79.929903:35.07408:0.961411:0.948962
WITCHER3_1920x1080_60_3Mbps_CBR_REF.h265:2869.29792:71.379834:33.987799:0.94356:0.931451
WITCHER3_1920x1080_60_2Mbps_CBR_REF.h265:1925.52768:65.64851:33.376052:0.931368:0.920283
