BalloonFestival_1920x1080p_25_10b_pq_709_ct2020_p010le_15Mbps_CBR_REF.h265:14932.4592:96.927227:49.746543:0.999677:0.999397
BalloonFestival_1920x1080p_25_10b_pq_709_ct2020_p010le_9Mbps_CBR_REF.h265:8910.9368:95.897371:47.436486:0.999480:0.999064
BalloonFestival_1920x1080p_25_10b_pq_709_ct2020_p010le_6Mbps_CBR_REF.h265:5951.4976:94.749054:45.762040:0.999215:0.998651
BalloonFestival_1920x1080p_25_10b_pq_709_ct2020_p010le_3Mbps_CBR_REF.h265:2972.4080:91.379953:42.739359:0.998215:0.997230
BalloonFestival_1920x1080p_25_10b_pq_709_ct2020_p010le_2Mbps_CBR_REF.h265:1979.8832:88.117675:40.863599:0.997105:0.995706
