BalloonFestival_1080p_15Mbps_VBR_REF.h265:14885.3336:96.752467:49.609514:0.999656:0.999361
BalloonFestival_1080p_9Mbps_VBR_REF.h265:8876.5688:95.564009:47.253425:0.999428:0.998983
BalloonFestival_1080p_6Mbps_VBR_REF.h265:5906.4656:94.219948:45.539417:0.999106:0.998497
BalloonFestival_1080p_3Mbps_VBR_REF.h265:2931.1168:90.342986:42.454338:0.997840:0.996765
BalloonFestival_1080p_2Mbps_VBR_REF.h265:1948.9776:86.583469:40.555068:0.996338:0.994827
