CrowdRun_1920x1080_50_p010le_35Mbps_CBR_REF.h265:34465.2512:97.309709:35.334553:0.994312:0.987061
CrowdRun_1920x1080_50_p010le_30Mbps_CBR_REF.h265:29551.0704:96.015524:34.698930:0.993324:0.985206
CrowdRun_1920x1080_50_p010le_25Mbps_CBR_REF.h265:24637.0360:94.057955:33.938650:0.991844:0.982499
CrowdRun_1920x1080_50_p010le_20Mbps_CBR_REF.h265:19721.1904:91.035424:33.004767:0.989475:0.978363
CrowdRun_1920x1080_50_p010le_15Mbps_CBR_REF.h265:14784.6000:86.190560:31.814673:0.985253:0.971435
