crowd_run_1920x1080p_500_50_35Mbps_VBR_REF.h265:34373.9592:97.183659:35.307035:0.994211:0.986942
crowd_run_1920x1080p_500_50_30Mbps_VBR_REF.h265:29420.5064:95.880079:34.666620:0.993213:0.985067
crowd_run_1920x1080p_500_50_25Mbps_VBR_REF.h265:24432.5416:93.730812:33.876211:0.991654:0.982235
crowd_run_1920x1080p_500_50_20Mbps_VBR_REF.h265:19530.9112:90.731498:32.946274:0.989256:0.978038
crowd_run_1920x1080p_500_50_15Mbps_VBR_REF.h265:14653.2680:85.818838:31.753537:0.984905:0.970975
