Hurdles_1080p_15Mbps_VBR_REF.h265:15016.5080:97.814713:47.038019:0.998668:0.997186
Hurdles_1080p_9Mbps_VBR_REF.h265:9029.4256:96.360032:45.297301:0.997573:0.995360
Hurdles_1080p_6Mbps_VBR_REF.h265:6031.4184:94.434884:43.769539:0.996026:0.992951
Hurdles_1080p_3Mbps_VBR_REF.h265:3015.1760:88.814864:41.026548:0.990237:0.985293
Hurdles_1080p_2Mbps_VBR_REF.h265:2008.3152:83.594666:39.452438:0.984563:0.978737
