Hurdles_1080p_15Mbps_CBR_REF.h265:15087.5264:98.263758:47.114082:0.998877:0.997462
Hurdles_1080p_9Mbps_CBR_REF.h265:9081.9128:97.007291:45.322514:0.997933:0.995713
Hurdles_1080p_6Mbps_CBR_REF.h265:6027.3920:95.263696:43.764847:0.996462:0.993291
Hurdles_1080p_3Mbps_CBR_REF.h265:2989.7032:89.852370:41.060781:0.991443:0.986309
Hurdles_1080p_2Mbps_CBR_REF.h265:1982.6064:84.471944:39.487349:0.985982:0.980035
