MarketPlace_1920x1080_60fps_p010le_15Mbps_VBR_REF.h265:17152.6040:94.948596:39.788616:0.991606:0.986024
MarketPlace_1920x1080_60fps_p010le_9Mbps_VBR_REF.h265:10372.2968:91.423090:38.614790:0.987506:0.981235
MarketPlace_1920x1080_60fps_p010le_6Mbps_VBR_REF.h265:6907.5896:87.463235:37.612872:0.982352:0.975607
MarketPlace_1920x1080_60fps_p010le_3Mbps_VBR_REF.h265:3422.5328:77.799986:35.697094:0.967902:0.960786
MarketPlace_1920x1080_60fps_p010le_2Mbps_VBR_REF.h265:2257.1800:70.053702:34.448341:0.954532:0.947611
