Market3_1920x1080p_50_10b_pq_709_ct2020_p010le_15Mbps_CBR_REF.h265:14678.2900:97.306183:44.309292:0.999133:0.997897
Market3_1920x1080p_50_10b_pq_709_ct2020_p010le_9Mbps_CBR_REF.h265:8807.9650:96.076530:42.291035:0.998403:0.996386
Market3_1920x1080p_50_10b_pq_709_ct2020_p010le_6Mbps_CBR_REF.h265:5864.2790:94.604341:40.661218:0.997354:0.994364
Market3_1920x1080p_50_10b_pq_709_ct2020_p010le_3Mbps_CBR_REF.h265:2931.5170:90.310765:37.822527:0.993525:0.987792
Market3_1920x1080p_50_10b_pq_709_ct2020_p010le_2Mbps_CBR_REF.h265:1951.6180:86.368263:36.220365:0.989300:0.981315
