Market3_1080p_15Mbps_VBR_REF.h265:14029.3410:96.789612:43.989913:0.998899:0.997498
Market3_1080p_9Mbps_VBR_REF.h265:8318.5880:95.216049:41.897272:0.997863:0.995545
Market3_1080p_6Mbps_VBR_REF.h265:5464.4130:93.404752:40.182361:0.996338:0.992883
Market3_1080p_3Mbps_VBR_REF.h265:2682.5870:88.543131:37.337392:0.991307:0.984935
Market3_1080p_2Mbps_VBR_REF.h265:1768.2690:84.195068:35.738780:0.985893:0.977252
