MarketPlace_1080p_15Mbps_CBR_REF.h265:14642.2664:94.934948:39.610039:0.992250:0.986274
MarketPlace_1080p_9Mbps_CBR_REF.h265:8826.4880:91.544865:38.504062:0.988357:0.981465
MarketPlace_1080p_6Mbps_CBR_REF.h265:5896.7896:87.613670:37.529812:0.983272:0.975723
MarketPlace_1080p_3Mbps_CBR_REF.h265:2956.5568:77.917075:35.664096:0.968762:0.960559
MarketPlace_1080p_2Mbps_CBR_REF.h265:1973.1544:70.011941:34.434158:0.955348:0.947221
