Starting_1080p_15Mbps_CBR_REF.h265:14818.0560:98.815087:49.405548:0.999345:0.998713
Starting_1080p_9Mbps_CBR_REF.h265:8831.9896:98.347516:48.321813:0.999045:0.998271
Starting_1080p_6Mbps_CBR_REF.h265:5883.9024:97.717641:47.434432:0.998662:0.997746
Starting_1080p_3Mbps_CBR_REF.h265:2935.7384:95.661192:45.625434:0.997306:0.996009
Starting_1080p_2Mbps_CBR_REF.h265:1959.0680:93.529738:44.281952:0.995809:0.994164
