Starting_1080p_15Mbps_VBR_REF.h265:14284.6736:98.637119:49.235050:0.999265:0.998589
Starting_1080p_9Mbps_VBR_REF.h265:8429.9448:98.050719:48.134448:0.998879:0.998053
Starting_1080p_6Mbps_VBR_REF.h265:5565.0368:97.304019:47.211139:0.998385:0.997398
Starting_1080p_3Mbps_VBR_REF.h265:2710.7544:94.851075:45.351366:0.996556:0.995143
Starting_1080p_2Mbps_VBR_REF.h265:1778.8168:92.521445:43.949677:0.994482:0.992728
