BalloonFestival_1080p_15Mbps_CBR_REF.h265:14792.2344:97.225646:50.395200:0.999710:0.999449
BalloonFestival_1080p_9Mbps_CBR_REF.h265:8846.3552:96.407890:48.150393:0.999559:0.999185
BalloonFestival_1080p_6Mbps_CBR_REF.h265:5893.2520:95.525497:46.597083:0.999361:0.998870
BalloonFestival_1080p_3Mbps_CBR_REF.h265:2940.2272:93.093909:43.817658:0.998616:0.997785
BalloonFestival_1080p_2Mbps_CBR_REF.h265:1966.3104:90.583899:41.970341:0.997658:0.996485
