BalloonFestival_1920x1080p_25_10b_pq_709_ct2020_p010le_15Mbps_VBR_REF.h265:14789.5168:97.092348:50.289598:0.999693:0.999421
BalloonFestival_1920x1080p_25_10b_pq_709_ct2020_p010le_9Mbps_VBR_REF.h265:8839.0608:96.142283:47.966292:0.999521:0.999123
BalloonFestival_1920x1080p_25_10b_pq_709_ct2020_p010le_6Mbps_VBR_REF.h265:5832.6960:95.088635:46.324254:0.999273:0.998735
BalloonFestival_1920x1080p_25_10b_pq_709_ct2020_p010le_3Mbps_VBR_REF.h265:2896.9240:92.157924:43.481291:0.998319:0.997383
BalloonFestival_1920x1080p_25_10b_pq_709_ct2020_p010le_2Mbps_VBR_REF.h265:1929.6664:89.232383:41.619553:0.997099:0.995782
