crowd_run_1920x1080p_500_50_35Mbps_CBR_REF.h265:34498.8616:98.958348:36.251771:0.995454:0.989121
crowd_run_1920x1080p_500_50_30Mbps_CBR_REF.h265:29571.3104:98.296404:35.657893:0.994768:0.987710
crowd_run_1920x1080p_500_50_25Mbps_CBR_REF.h265:24643.3120:97.181736:34.934654:0.993691:0.985592
crowd_run_1920x1080p_500_50_20Mbps_CBR_REF.h265:19710.0696:95.227489:34.034989:0.991949:0.982314
crowd_run_1920x1080p_500_50_15Mbps_CBR_REF.h265:14786.2360:91.689991:32.871726:0.988774:0.976682
