CrowdRun_1920x1080_50_p010le_35Mbps_VBR_REF.h265:34272.4840:98.738845:36.201888:0.995359:0.989001
CrowdRun_1920x1080_50_p010le_30Mbps_VBR_REF.h265:29342.8736:98.044120:35.606026:0.994650:0.987572
CrowdRun_1920x1080_50_p010le_25Mbps_VBR_REF.h265:24359.4528:96.819521:34.860731:0.993523:0.985373
CrowdRun_1920x1080_50_p010le_20Mbps_VBR_REF.h265:19494.6208:94.867267:33.967130:0.991702:0.981989
CrowdRun_1920x1080_50_p010le_15Mbps_VBR_REF.h265:14627.6248:91.246730:32.803391:0.988414:0.976230
