crowd_run_1920x1080p_500_50_35Mbps_VBR_REF.h265:34272.4840:98.738845:36.201888:0.995359:0.989001
crowd_run_1920x1080p_500_50_30Mbps_VBR_REF.h265:29342.8736:98.044120:35.606026:0.994650:0.987572
crowd_run_1920x1080p_500_50_25Mbps_VBR_REF.h265:24359.4528:96.819521:34.860731:0.993523:0.985373
crowd_run_1920x1080p_500_50_20Mbps_VBR_REF.h265:19494.6208:94.867267:33.967130:0.991702:0.981989
crowd_run_1920x1080p_500_50_15Mbps_VBR_REF.h265:14627.6248:91.246730:32.803391:0.988414:0.976230
