CrowdRun_1920x1080_50_p010le_35Mbps_CBR_REF.h265:34498.8616:98.958348:36.251771:0.995454:0.989121
CrowdRun_1920x1080_50_p010le_30Mbps_CBR_REF.h265:29571.3104:98.296404:35.657893:0.994768:0.987710
CrowdRun_1920x1080_50_p010le_25Mbps_CBR_REF.h265:24643.3120:97.181736:34.934654:0.993691:0.985592
CrowdRun_1920x1080_50_p010le_20Mbps_CBR_REF.h265:19710.0696:95.227489:34.034989:0.991949:0.982314
CrowdRun_1920x1080_50_p010le_15Mbps_CBR_REF.h265:14786.2360:91.689991:32.871726:0.988774:0.976682
