Hurdles_1920x1080p_50_10b_pq_709_ct2020_p010le_15Mbps_CBR_REF.h265:15071.0040:98.804669:47.690227:0.999130:0.997910
Hurdles_1920x1080p_50_10b_pq_709_ct2020_p010le_9Mbps_CBR_REF.h265:9032.5272:97.907764:45.906255:0.998429:0.996444
Hurdles_1920x1080p_50_10b_pq_709_ct2020_p010le_6Mbps_CBR_REF.h265:6032.8384:96.640213:44.347865:0.997246:0.994273
Hurdles_1920x1080p_50_10b_pq_709_ct2020_p010le_3Mbps_CBR_REF.h265:3025.0656:92.446345:41.676448:0.992873:0.987862
Hurdles_1920x1080p_50_10b_pq_709_ct2020_p010le_2Mbps_CBR_REF.h265:1997.2768:88.110305:40.171635:0.988099:0.982274
