Hurdles_1080p_15Mbps_VBR_REF.h265:14955.3064:98.314765:47.553206:0.998870:0.997496
Hurdles_1080p_9Mbps_VBR_REF.h265:8977.9160:97.217089:45.858739:0.997920:0.995893
Hurdles_1080p_6Mbps_VBR_REF.h265:6000.9104:95.663116:44.345075:0.996683:0.993838
Hurdles_1080p_3Mbps_VBR_REF.h265:3000.7808:91.031940:41.614243:0.991993:0.987109
Hurdles_1080p_2Mbps_VBR_REF.h265:1996.4896:86.549152:40.067402:0.986710:0.980896
