MarketPlace_1080p_15Mbps_CBR_REF.h265:14793.6704:96.735448:40.073351:0.993655:0.988011
MarketPlace_1080p_9Mbps_CBR_REF.h265:8883.7704:94.270887:38.992804:0.990774:0.984208
MarketPlace_1080p_6Mbps_CBR_REF.h265:5921.4048:91.325676:38.064169:0.986975:0.979639
MarketPlace_1080p_3Mbps_CBR_REF.h265:2963.7136:83.270089:36.273074:0.975408:0.966911
MarketPlace_1080p_2Mbps_CBR_REF.h265:1976.1048:76.341199:35.121700:0.963993:0.955215
