Market3_1080p_15Mbps_CBR_REF.h265:14712.0460:97.768109:45.337099:0.999389:0.998422
Market3_1080p_9Mbps_CBR_REF.h265:8839.3350:96.948580:43.445083:0.998928:0.997384
Market3_1080p_6Mbps_CBR_REF.h265:5891.1880:95.944056:41.844058:0.998251:0.995928
Market3_1080p_3Mbps_CBR_REF.h265:2956.0230:92.860464:38.968749:0.995671:0.990992
Market3_1080p_2Mbps_CBR_REF.h265:1966.1480:89.883869:37.321459:0.992783:0.986095
