MarketPlace_1920x1080_60fps_p010le_15Mbps_VBR_REF.h265:17054.8768:96.344125:40.149306:0.992855:0.987385
MarketPlace_1920x1080_60fps_p010le_9Mbps_VBR_REF.h265:10295.6720:93.767848:39.050495:0.989611:0.983472
MarketPlace_1920x1080_60fps_p010le_6Mbps_VBR_REF.h265:6838.2592:90.752838:38.106759:0.985473:0.978809
MarketPlace_1920x1080_60fps_p010le_3Mbps_VBR_REF.h265:3382.6056:82.601904:36.268876:0.972695:0.965450
MarketPlace_1920x1080_60fps_p010le_2Mbps_VBR_REF.h265:2207.2912:75.507989:35.038291:0.960346:0.953095
