Market3_1920x1080p_50_10b_pq_709_ct2020_p010le_15Mbps_VBR_REF.h265:14013.2640:97.354624:44.951118:0.999204:0.998069
Market3_1920x1080p_50_10b_pq_709_ct2020_p010le_9Mbps_VBR_REF.h265:8264.4920:96.243766:42.984565:0.998486:0.996603
Market3_1920x1080p_50_10b_pq_709_ct2020_p010le_6Mbps_VBR_REF.h265:5429.4590:94.860193:41.285981:0.997401:0.994534
Market3_1920x1080p_50_10b_pq_709_ct2020_p010le_3Mbps_VBR_REF.h265:2660.6310:91.031102:38.393793:0.993676:0.988197
Market3_1920x1080p_50_10b_pq_709_ct2020_p010le_2Mbps_VBR_REF.h265:1753.7650:87.516042:36.713791:0.989481:0.981804
