Starting_1080p_15Mbps_VBR_REF.h265:14377.0984:98.768928:49.511656:0.999363:0.998707
Starting_1080p_9Mbps_VBR_REF.h265:8495.7448:98.309554:48.498889:0.999058:0.998264
Starting_1080p_6Mbps_VBR_REF.h265:5624.9928:97.765800:47.715229:0.998668:0.997738
Starting_1080p_3Mbps_VBR_REF.h265:2730.9248:95.957435:46.108280:0.997298:0.995981
Starting_1080p_2Mbps_VBR_REF.h265:1789.9096:94.092935:44.893790:0.995602:0.993945
