Starting_1080p_15Mbps_CBR_REF.h265:14794.4472:98.992157:49.755280:0.999469:0.998868
Starting_1080p_9Mbps_CBR_REF.h265:8862.1272:98.686718:48.776694:0.999252:0.998535
Starting_1080p_6Mbps_CBR_REF.h265:5901.1264:98.319898:48.045630:0.999022:0.998210
Starting_1080p_3Mbps_CBR_REF.h265:2946.3360:97.159068:46.559582:0.998297:0.997227
Starting_1080p_2Mbps_CBR_REF.h265:1951.0592:95.834344:45.385400:0.997457:0.996125
