BasketballDrive_1920x1080_50_24Mbps_CBR_REF.h264:24160.9408:99.482088:38.106937:0.994808:0.987951
BasketballDrive_1920x1080_50_12Mbps_CBR_REF.h264:12002.6688:96.697843:36.758269:0.991102:0.982676
BasketballDrive_1920x1080_50_6Mbps_CBR_REF.h264:5952.6536:85.481788:34.468127:0.978844:0.968799
BasketballDrive_1920x1080_50_3Mbps_CBR_REF.h264:2950.9824:61.549472:31.291871:0.939298:0.931453
BasketballDrive_1920x1080_50_2Mbps_CBR_REF.h264:1963.2096:43.185684:29.042327:0.881477:0.880443
