crowd_run_1920x1080p_500_50_35Mbps_CBR_REF.h264:35139.9400:97.577313:34.240051:0.994600:0.986627
crowd_run_1920x1080p_500_50_30Mbps_CBR_REF.h264:30088.2624:96.335382:33.622856:0.993617:0.984555
crowd_run_1920x1080p_500_50_25Mbps_CBR_REF.h264:25062.0664:94.345953:32.856048:0.992072:0.981495
crowd_run_1920x1080p_500_50_20Mbps_CBR_REF.h264:20042.9584:91.031299:31.886689:0.989350:0.976512
crowd_run_1920x1080p_500_50_15Mbps_CBR_REF.h264:15027.8776:85.339008:30.595123:0.984127:0.967509
