crowd_run_1280x720_50_12Mbps_CBR_REF.h264:12030.3992:90.791229:30.921137:0.984680:0.980552
crowd_run_1280x720_50_10Mbps_CBR_REF.h264:10026.2576:87.553072:30.038292:0.980344:0.975704
crowd_run_1280x720_50_7.5Mbps_CBR_REF.h264:7524.4152:81.532435:28.704494:0.971029:0.965770
crowd_run_1280x720_50_4.5Mbps_CBR_REF.h264:4519.1440:68.091264:26.522722:0.944156:0.939492
crowd_run_1280x720_50_3Mbps_CBR_REF.h264:3016.6128:54.964424:24.970667:0.909315:0.908282
