DinnerScene_1920x1080_60_7.5Mbps_CBR_REF.h264:7513.3200:90.019845:42.840482:0.995544:0.991318
DinnerScene_1920x1080_60_4.5Mbps_CBR_REF.h264:4453.3288:88.210708:42.492977:0.994672:0.990387
DinnerScene_1920x1080_60_3Mbps_CBR_REF.h264:2918.6392:86.176750:42.142970:0.993721:0.989411
DinnerScene_1920x1080_60_1.5Mbps_CBR_REF.h264:1380.6984:79.368606:41.034490:0.989685:0.985639
DinnerScene_1920x1080_60_1Mbps_CBR_REF.h264:885.5984:71.105301:39.784355:0.983020:0.979780
