DOTA2_1920x1080_60_600_24Mbps_CBR_REF.h264:24118.7160:97.253777:41.868646:0.997822:0.995324
DOTA2_1920x1080_60_600_12Mbps_CBR_REF.h264:11958.4368:94.474165:39.313349:0.995572:0.991187
DOTA2_1920x1080_60_600_6Mbps_CBR_REF.h264:5888.0272:88.486040:36.433387:0.989770:0.982662
DOTA2_1920x1080_60_600_3Mbps_CBR_REF.h264:2913.0832:74.174375:33.227499:0.972852:0.963215
DOTA2_1920x1080_60_600_2Mbps_CBR_REF.h264:1936.1008:59.046181:31.095454:0.948945:0.939444
