FoodMarket2NF_1280x720_60_12Mbps_CBR_REF.h264:11994.9296:98.515849:38.276587:0.996811:0.995443
FoodMarket2NF_1280x720_60_6Mbps_CBR_REF.h264:5803.6480:95.871400:35.054772:0.991928:0.989475
FoodMarket2NF_1280x720_60_3Mbps_CBR_REF.h264:2804.0160:84.723265:31.650684:0.977067:0.973765
FoodMarket2NF_1280x720_60_1.5Mbps_CBR_REF.h264:1350.0896:61.887953:28.088510:0.928222:0.930023
FoodMarket2NF_1280x720_60_1Mbps_CBR_REF.h264:892.9296:40.231140:25.662159:0.850109:0.866556
