Hearthstone_1920x1080_60_5.5Mbps_CBR_REF.h264:4635.8600:92.301439:39.434229:0.997613:0.995384
Hearthstone_1920x1080_60_3.25Mbps_CBR_REF.h264:2661.5296:86.630485:36.495836:0.994370:0.990657
Hearthstone_1920x1080_60_2.25Mbps_CBR_REF.h264:1811.1232:79.781758:34.366021:0.989475:0.984268
Hearthstone_1920x1080_60_1.125Mbps_CBR_REF.h264:878.8200:54.666535:29.871927:0.960982:0.952346
Hearthstone_1920x1080_60_0.75Mbps_CBR_REF.h264:587.2024:32.811509:27.167928:0.915806:0.907817
