Kimono1_1280x720_24_12Mbps_CBR_REF.h264:12079.0784:99.089988:43.755064:0.997926:0.996931
Kimono1_1280x720_24_6Mbps_CBR_REF.h264:5856.8552:98.142224:41.759783:0.995641:0.994556
Kimono1_1280x720_24_3Mbps_CBR_REF.h264:2835.1896:92.296334:39.180353:0.989175:0.988748
Kimono1_1280x720_24_1.5Mbps_CBR_REF.h264:1392.3904:79.912356:36.123187:0.971129:0.973867
Kimono1_1280x720_24_1Mbps_CBR_REF.h264:922.5368:68.969311:34.210473:0.948980:0.956476
