ParkScene_1280x720_24_12Mbps_CBR_REF.h264:11942.2720:97.777007:41.208793:0.997257:0.996234
ParkScene_1280x720_24_6Mbps_CBR_REF.h264:5930.4808:95.155689:38.689620:0.994588:0.993039
ParkScene_1280x720_24_3Mbps_CBR_REF.h264:2930.6048:89.848837:35.942996:0.988367:0.986130
ParkScene_1280x720_24_1.5Mbps_CBR_REF.h264:1452.9688:79.272545:33.120692:0.972612:0.970243
ParkScene_1280x720_24_1Mbps_CBR_REF.h264:964.2568:69.776905:31.520777:0.954111:0.953220
