PierSeasideNF_1280x720_60_12Mbps_CBR_REF.h264:12077.6448:97.050496:41.833347:0.996164:0.995391
PierSeasideNF_1280x720_60_6Mbps_CBR_REF.h264:6029.7168:93.588416:39.472868:0.992282:0.991453
PierSeasideNF_1280x720_60_3Mbps_CBR_REF.h264:2998.5392:87.704999:37.084750:0.984901:0.984476
PierSeasideNF_1280x720_60_1.5Mbps_CBR_REF.h264:1484.7504:76.783363:34.463859:0.969455:0.970877
PierSeasideNF_1280x720_60_1Mbps_CBR_REF.h264:983.0184:66.381298:32.751550:0.951817:0.955974
