touchdown_pass_1280x720_30_12Mbps_CBR_REF.h264:11912.2611:99.171895:42.231247:0.995874:0.994425
touchdown_pass_1280x720_30_6Mbps_CBR_REF.h264:5940.8665:98.288426:40.597891:0.992601:0.990851
touchdown_pass_1280x720_30_3Mbps_CBR_REF.h264:2939.4644:94.725021:38.675390:0.985259:0.983626
touchdown_pass_1280x720_30_1.5Mbps_CBR_REF.h264:1456.0211:83.097543:36.171471:0.965553:0.966592
touchdown_pass_1280x720_30_1Mbps_CBR_REF.h264:967.6619:70.631982:34.395156:0.941378:0.947393
