WITCHER3_1920x1080_60_24Mbps_CBR_REF.h264:24093.5416:90.924087:37.367189:0.986602:0.977397
WITCHER3_1920x1080_60_12Mbps_CBR_REF.h264:11990.3488:83.755961:35.521510:0.974258:0.961557
WITCHER3_1920x1080_60_6Mbps_CBR_REF.h264:5989.7680:72.939050:33.915899:0.952110:0.938096
WITCHER3_1920x1080_60_3Mbps_CBR_REF.h264:2997.0848:57.503655:32.389811:0.914866:0.904220
WITCHER3_1920x1080_60_2Mbps_CBR_REF.h264:1997.2936:47.616008:31.456668:0.886707:0.880045
