BasketballDrive_1920x1080_50_15Mbps_VBR_REF.h264:15098.2504:99.245555:38.120429:0.991762:0.984619
BasketballDrive_1920x1080_50_9Mbps_VBR_REF.h264:9016.1312:96.261152:37.095190:0.986917:0.979178
BasketballDrive_1920x1080_50_6Mbps_VBR_REF.h264:5983.8752:90.788211:35.990476:0.979209:0.971339
BasketballDrive_1920x1080_50_3Mbps_VBR_REF.h264:2973.9344:74.703127:33.477117:0.950924:0.945294
BasketballDrive_1920x1080_50_2Mbps_VBR_REF.h264:1968.7264:61.770164:31.588284:0.917172:0.915669
