BasketballDrive_1920x1080_50_15Mbps_CBR_REF.h264:15139.7208:99.254456:38.124196:0.991776:0.984628
BasketballDrive_1920x1080_50_9Mbps_CBR_REF.h264:9039.3560:96.313135:37.101780:0.986966:0.979218
BasketballDrive_1920x1080_50_6Mbps_CBR_REF.h264:6000.7584:90.846923:35.999220:0.979279:0.971402
BasketballDrive_1920x1080_50_3Mbps_CBR_REF.h264:2985.5736:74.695161:33.484271:0.950870:0.945248
BasketballDrive_1920x1080_50_2Mbps_CBR_REF.h264:1978.8424:61.959247:31.616277:0.917550:0.916033
