BoatNF_1280x720_60_7.5Mbps_VBR_REF.h264:7510.2464:93.574546:35.004706:0.994571:0.993092
BoatNF_1280x720_60_4.5Mbps_VBR_REF.h264:4540.3984:87.935129:32.411402:0.988852:0.986605
BoatNF_1280x720_60_3Mbps_VBR_REF.h264:3017.5904:81.579051:30.444754:0.980279:0.977560
BoatNF_1280x720_60_1.5Mbps_VBR_REF.h264:1501.4560:67.051539:27.462106:0.951030:0.949133
BoatNF_1280x720_60_1Mbps_VBR_REF.h264:994.6208:56.300691:25.869143:0.918653:0.919612
