BoatNF_1280x720_60_7.5Mbps_CBR_REF.h264:7552.3344:93.640209:35.075384:0.994664:0.993236
BoatNF_1280x720_60_4.5Mbps_CBR_REF.h264:4523.6064:87.970542:32.425585:0.988854:0.986609
BoatNF_1280x720_60_3Mbps_CBR_REF.h264:3008.4640:81.561654:30.464411:0.980314:0.977580
BoatNF_1280x720_60_1.5Mbps_CBR_REF.h264:1494.0832:67.148171:27.480681:0.951394:0.949459
BoatNF_1280x720_60_1Mbps_CBR_REF.h264:986.5984:56.354976:25.893663:0.919632:0.920435
