bq_terrace_1920x1080p_600_60_15Mbps_VBR_REF.h264:15333.0640:96.402255:35.241218:0.990437:0.980949
bq_terrace_1920x1080p_600_60_9Mbps_VBR_REF.h264:9170.0824:95.207208:34.617835:0.988179:0.978112
bq_terrace_1920x1080p_600_60_6Mbps_VBR_REF.h264:6062.3344:93.555047:34.069321:0.985699:0.975115
bq_terrace_1920x1080p_600_60_3Mbps_VBR_REF.h264:2964.4592:88.182272:32.740380:0.977472:0.965553
bq_terrace_1920x1080p_600_60_2Mbps_VBR_REF.h264:1961.5304:83.071462:31.695859:0.969536:0.956244
