bq_terrace_1920x1080p_600_60_15Mbps_CBR_REF.h264:15407.4544:96.341426:35.221784:0.990314:0.980818
bq_terrace_1920x1080p_600_60_9Mbps_CBR_REF.h264:9197.7064:95.238085:34.630515:0.988261:0.978214
bq_terrace_1920x1080p_600_60_6Mbps_CBR_REF.h264:6095.5864:93.804698:34.112805:0.985864:0.975329
bq_terrace_1920x1080p_600_60_3Mbps_CBR_REF.h264:3005.4896:88.780792:32.845231:0.978483:0.966552
bq_terrace_1920x1080p_600_60_2Mbps_CBR_REF.h264:1988.3064:83.651237:31.783124:0.970548:0.957272
