Bunny_1920x1080_24_600_15Mbps_VBR_REF.h264:13630.7773:98.991516:49.907303:0.999294:0.998577
Bunny_1920x1080_24_600_9Mbps_VBR_REF.h264:8278.7427:98.363818:47.499347:0.998557:0.997468
Bunny_1920x1080_24_600_6Mbps_VBR_REF.h264:5580.9856:97.362006:45.614225:0.997462:0.996014
Bunny_1920x1080_24_600_3Mbps_VBR_REF.h264:2815.6698:92.784013:42.235090:0.993194:0.991033
Bunny_1920x1080_24_600_2Mbps_VBR_REF.h264:1886.6198:86.736594:40.115104:0.987527:0.985107
