Bunny_1920x1080_24_600_15Mbps_CBR_REF.h264:14011.5018:98.932329:49.886302:0.999257:0.998534
Bunny_1920x1080_24_600_9Mbps_CBR_REF.h264:8571.3450:98.277362:47.477162:0.998499:0.997410
Bunny_1920x1080_24_600_6Mbps_CBR_REF.h264:5787.4659:97.243673:45.602889:0.997394:0.995953
Bunny_1920x1080_24_600_3Mbps_CBR_REF.h264:2948.4515:92.413136:42.216102:0.993062:0.990963
Bunny_1920x1080_24_600_2Mbps_CBR_REF.h264:1981.2474:86.119188:40.086510:0.987300:0.985003
