Cactus_1920x1080_50_15Mbps_CBR_REF.h264:14779.8072:95.649606:37.562549:0.993652:0.986315
Cactus_1920x1080_50_9Mbps_CBR_REF.h264:8833.9280:93.338228:36.837157:0.991336:0.983348
Cactus_1920x1080_50_6Mbps_CBR_REF.h264:5868.0040:90.159508:35.990216:0.987816:0.979032
Cactus_1920x1080_50_3Mbps_CBR_REF.h264:2926.3888:80.053139:33.908680:0.973888:0.963376
Cactus_1920x1080_50_2Mbps_CBR_REF.h264:1942.0176:70.878391:32.418571:0.956680:0.945837
