Cactus_1920x1080_50_15Mbps_VBR_REF.h264:14691.2920:95.765449:37.591758:0.993799:0.986477
Cactus_1920x1080_50_9Mbps_VBR_REF.h264:8802.4376:93.276183:36.820774:0.991261:0.983259
Cactus_1920x1080_50_6Mbps_VBR_REF.h264:5846.1976:90.062337:35.975793:0.987719:0.978921
Cactus_1920x1080_50_3Mbps_VBR_REF.h264:2916.0872:79.884155:33.887090:0.973648:0.963121
Cactus_1920x1080_50_2Mbps_VBR_REF.h264:1939.1280:70.825251:32.404761:0.955936:0.945327
