crowd_run_1280x720_50_15Mbps_CBR_REF.h264:15012.8056:94.052875:32.996439:0.987667:0.984809
crowd_run_1280x720_50_12Mbps_CBR_REF.h264:12062.9728:91.137647:31.942387:0.983776:0.980543
crowd_run_1280x720_50_10Mbps_CBR_REF.h264:10024.1240:88.123262:31.069319:0.979516:0.976009
crowd_run_1280x720_50_8Mbps_CBR_REF.h264:8063.6912:84.097308:30.094633:0.973260:0.969573
crowd_run_1280x720_50_6Mbps_CBR_REF.h264:6055.2024:78.049641:28.879058:0.962666:0.959143
