crowd_run_1920x1080p_500_50_35Mbps_VBR_REF.h264:34360.1752:97.759284:35.281438:0.993567:0.986087
crowd_run_1920x1080p_500_50_30Mbps_VBR_REF.h264:29449.9928:96.648875:34.630340:0.992410:0.983962
crowd_run_1920x1080p_500_50_25Mbps_VBR_REF.h264:24488.8376:94.957774:33.864420:0.990673:0.980932
crowd_run_1920x1080p_500_50_20Mbps_VBR_REF.h264:19660.8432:92.027054:32.927054:0.987808:0.976238
crowd_run_1920x1080p_500_50_15Mbps_VBR_REF.h264:14755.5224:87.157433:31.702380:0.982676:0.968286
