crowd_run_1920x1080p_500_50_35Mbps_CBR_REF.h264:35147.1520:96.184503:34.864436:0.992169:0.983860
crowd_run_1920x1080p_500_50_30Mbps_CBR_REF.h264:30065.9128:94.999051:34.234349:0.990890:0.981580
crowd_run_1920x1080p_500_50_25Mbps_CBR_REF.h264:25040.2064:93.055120:33.473988:0.988733:0.978087
crowd_run_1920x1080p_500_50_20Mbps_CBR_REF.h264:20028.5456:90.113497:32.571823:0.985561:0.973116
crowd_run_1920x1080p_500_50_15Mbps_CBR_REF.h264:15012.5944:85.415085:31.435758:0.980544:0.965408
