crowd_run_1280x720_50_15Mbps_VBR_REF.h264:14806.7552:94.619031:33.119483:0.988365:0.985587
crowd_run_1280x720_50_12Mbps_VBR_REF.h264:11879.8472:91.981631:32.096314:0.984951:0.981761
crowd_run_1280x720_50_10Mbps_VBR_REF.h264:9866.7200:88.977154:31.197978:0.980700:0.977215
crowd_run_1280x720_50_8Mbps_VBR_REF.h264:7947.9192:84.876316:30.194497:0.974529:0.970803
crowd_run_1280x720_50_6Mbps_VBR_REF.h264:5970.6584:78.814030:28.962850:0.964168:0.960525
