CSGO_1920x1080_60_15Mbps_CBR_REF.h264:26499.4384:98.484197:48.001802:0.997172:0.994812
CSGO_1920x1080_60_9Mbps_CBR_REF.h264:16388.2504:97.241977:46.863413:0.994797:0.991322
CSGO_1920x1080_60_6Mbps_CBR_REF.h264:11044.8968:95.144550:45.941319:0.991568:0.987117
CSGO_1920x1080_60_3Mbps_CBR_REF.h264:5584.7400:89.036157:44.066118:0.980235:0.974593
CSGO_1920x1080_60_2Mbps_CBR_REF.h264:3696.2064:84.136498:42.532837:0.966918:0.961693
