CSGO_1920x1080_60_15Mbps_VBR_REF.h264:22871.6072:98.523130:47.732231:0.997252:0.994878
CSGO_1920x1080_60_9Mbps_VBR_REF.h264:13531.9080:97.333812:46.532082:0.994947:0.991402
CSGO_1920x1080_60_6Mbps_VBR_REF.h264:8863.8168:95.026585:45.536512:0.991615:0.986972
CSGO_1920x1080_60_3Mbps_VBR_REF.h264:4215.5160:88.066063:43.487108:0.979887:0.973713
CSGO_1920x1080_60_2Mbps_VBR_REF.h264:2746.8544:82.164701:41.818324:0.965282:0.959499
