DinnerScene_1920x1080_60_20Mbps_CBR_REF.h264:20450.7856:95.280022:44.005405:0.996646:0.993119
DinnerScene_1920x1080_60_15Mbps_CBR_REF.h264:15285.2704:95.000183:43.852207:0.996376:0.992769
DinnerScene_1920x1080_60_11Mbps_CBR_REF.h264:11135.3472:94.765234:43.732470:0.996197:0.992533
DinnerScene_1920x1080_60_7Mbps_CBR_REF.h264:6999.5920:94.380596:43.590565:0.995898:0.992191
DinnerScene_1920x1080_60_3Mbps_CBR_REF.h264:2954.3024:93.151351:43.273335:0.995023:0.991339
