DinnerScene_1920x1080_60_11Mbps_CBR_REF.h264:11135.3472:94.765234:43.732470:0.996197:0.992533
DinnerScene_1920x1080_60_7Mbps_CBR_REF.h264:6999.5920:94.380596:43.590565:0.995898:0.992191
DinnerScene_1920x1080_60_2Mbps_CBR_REF.h264:1944.1200:92.055658:43.015059:0.994255:0.990619
DinnerScene_1920x1080_60_1Mbps_CBR_REF.h264:926.5944:88.383653:42.203318:0.991075:0.987800
DinnerScene_1920x1080_60_0.5Mbps_CBR_REF.h264:436.9856:79.752576:40.437395:0.980954:0.979150
