DinnerScene_1920x1080_60_20Mbps_VBR_REF.h264:20276.6920:95.314871:44.001548:0.996671:0.993142
DinnerScene_1920x1080_60_15Mbps_VBR_REF.h264:15112.3800:95.047630:43.851814:0.996411:0.992802
DinnerScene_1920x1080_60_11Mbps_VBR_REF.h264:11027.8936:94.799350:43.736143:0.996224:0.992557
DinnerScene_1920x1080_60_7Mbps_VBR_REF.h264:6990.8144:94.382097:43.588703:0.995890:0.992185
DinnerScene_1920x1080_60_3Mbps_VBR_REF.h264:2958.6200:93.120028:43.266125:0.995007:0.991323
