DinnerScene_1920x1080_60_11Mbps_VBR_REF.h264:11026.5768:94.805126:43.735747:0.996222:0.992556
DinnerScene_1920x1080_60_7Mbps_VBR_REF.h264:6994.5128:94.375868:43.588258:0.995891:0.992184
DinnerScene_1920x1080_60_2Mbps_VBR_REF.h264:1501.9456:91.543321:42.895691:0.993967:0.990347
DinnerScene_1920x1080_60_1Mbps_VBR_REF.h264:530.8472:85.256546:41.567379:0.989106:0.985992
DinnerScene_1920x1080_60_0.5Mbps_VBR_REF.h264:273.3944:73.390255:39.247566:0.976152:0.975019
