DOTA2_1920x1080_60_600_15Mbps_CBR_REF.h264:15288.8248:97.682109:42.963757:0.996661:0.994209
DOTA2_1920x1080_60_600_9Mbps_CBR_REF.h264:9097.3848:95.998244:41.224913:0.994363:0.990870
DOTA2_1920x1080_60_600_6Mbps_CBR_REF.h264:6053.1768:93.882767:39.825985:0.991133:0.986722
DOTA2_1920x1080_60_600_3Mbps_CBR_REF.h264:2964.7032:86.722339:37.172641:0.978956:0.973300
DOTA2_1920x1080_60_600_2Mbps_CBR_REF.h264:1961.5576:79.333321:35.485164:0.964607:0.959150
