DOTA2_1920x1080_60_600_15Mbps_VBR_REF.h264:15185.8984:97.641629:42.936415:0.996629:0.994171
DOTA2_1920x1080_60_600_9Mbps_VBR_REF.h264:9065.2792:95.958452:41.198737:0.994316:0.990803
DOTA2_1920x1080_60_600_6Mbps_VBR_REF.h264:6023.5464:93.720361:39.782382:0.990939:0.986524
DOTA2_1920x1080_60_600_3Mbps_VBR_REF.h264:2944.5216:86.394731:37.108124:0.978727:0.973011
DOTA2_1920x1080_60_600_2Mbps_VBR_REF.h264:1941.8472:78.915554:35.374128:0.963833:0.958358
