FoodMarket2NF_1280x720_60_7.5Mbps_VBR_REF.h264:7125.6688:98.704729:38.626784:0.995008:0.993904
FoodMarket2NF_1280x720_60_4.5Mbps_VBR_REF.h264:4146.1104:96.818662:36.198172:0.989484:0.988101
FoodMarket2NF_1280x720_60_3Mbps_VBR_REF.h264:2690.7152:92.042386:34.186779:0.980963:0.979747
FoodMarket2NF_1280x720_60_1.5Mbps_VBR_REF.h264:1288.2288:77.285404:30.703537:0.949461:0.951536
FoodMarket2NF_1280x720_60_1Mbps_VBR_REF.h264:840.8688:63.938684:28.609232:0.912480:0.920104
