FoodMarket2NF_1280x720_60_7.5Mbps_CBR_REF.h264:7134.3648:98.681199:38.724733:0.995248:0.994156
FoodMarket2NF_1280x720_60_4.5Mbps_CBR_REF.h264:4177.5376:97.143949:36.361656:0.990266:0.988857
FoodMarket2NF_1280x720_60_3Mbps_CBR_REF.h264:2723.6944:93.113033:34.418757:0.982710:0.981377
FoodMarket2NF_1280x720_60_1.5Mbps_CBR_REF.h264:1316.2592:79.526441:30.975019:0.954897:0.956009
FoodMarket2NF_1280x720_60_1Mbps_CBR_REF.h264:862.5296:66.995799:28.929722:0.922419:0.928122
