GTAV_1920x1080_60_600_15Mbps_VBR_REF.h264:15739.7768:87.557544:34.515983:0.969540:0.957435
GTAV_1920x1080_60_600_9Mbps_VBR_REF.h264:9521.5720:78.809708:32.866092:0.946872:0.932965
GTAV_1920x1080_60_600_6Mbps_VBR_REF.h264:6397.4928:71.031004:31.636028:0.921511:0.907830
GTAV_1920x1080_60_600_3Mbps_VBR_REF.h264:3256.5784:56.838449:29.562025:0.860482:0.851592
GTAV_1920x1080_60_600_2Mbps_VBR_REF.h264:2191.0776:48.622886:28.325899:0.813431:0.810079
