GTAV_1920x1080_60_600_15Mbps_CBR_REF.h264:15769.6880:87.544723:34.523347:0.969515:0.957415
GTAV_1920x1080_60_600_9Mbps_CBR_REF.h264:9542.2512:78.841607:32.877295:0.946998:0.933082
GTAV_1920x1080_60_600_6Mbps_CBR_REF.h264:6410.7272:71.044329:31.642615:0.921606:0.907918
GTAV_1920x1080_60_600_3Mbps_CBR_REF.h264:3262.9096:56.885072:29.570307:0.860652:0.851766
GTAV_1920x1080_60_600_2Mbps_CBR_REF.h264:2195.4160:48.699077:28.339198:0.813847:0.810403
