Hearthstone_1920x1080_60_10Mbps_CBR_REF.h264:10421.7312:97.288299:48.061906:0.999207:0.998689
Hearthstone_1920x1080_60_5.5Mbps_CBR_REF.h264:5750.5712:96.385172:45.127836:0.998438:0.997713
Hearthstone_1920x1080_60_3Mbps_CBR_REF.h264:3073.9208:94.353571:41.814520:0.996750:0.995678
Hearthstone_1920x1080_60_2.25Mbps_CBR_REF.h264:2275.1720:92.663479:40.218207:0.995432:0.994091
Hearthstone_1920x1080_60_1.125Mbps_CBR_REF.h264:1110.7072:85.558796:36.458350:0.989545:0.987160
