Hearthstone_1920x1080_60_10Mbps_VBR_REF.h264:9509.8936:97.304298:48.042547:0.999191:0.998667
Hearthstone_1920x1080_60_5.5Mbps_VBR_REF.h264:5241.1312:96.426919:45.217657:0.998413:0.997695
Hearthstone_1920x1080_60_3Mbps_VBR_REF.h264:2882.3112:94.330745:41.818900:0.996634:0.995572
Hearthstone_1920x1080_60_2.25Mbps_VBR_REF.h264:2151.8440:92.583869:40.190418:0.995257:0.993916
Hearthstone_1920x1080_60_1.125Mbps_VBR_REF.h264:1074.9024:85.058620:36.287751:0.988856:0.986413
