Hearthstone_1920x1080_60_15Mbps_CBR_REF.h264:15250.4088:97.567292:49.602963:0.999466:0.999038
Hearthstone_1920x1080_60_9Mbps_CBR_REF.h264:9429.3584:97.177647:47.580544:0.999112:0.998561
Hearthstone_1920x1080_60_6Mbps_CBR_REF.h264:6292.8080:96.582618:45.613097:0.998607:0.997918
Hearthstone_1920x1080_60_3Mbps_CBR_REF.h264:3073.9208:94.353571:41.814520:0.996750:0.995678
Hearthstone_1920x1080_60_2Mbps_CBR_REF.h264:2014.3496:91.775170:39.564329:0.994726:0.993245
