Hearthstone_1920x1080_60_15Mbps_VBR_REF.h264:14239.3600:97.569009:49.517164:0.999439:0.999003
Hearthstone_1920x1080_60_9Mbps_VBR_REF.h264:8543.0520:97.193358:47.590872:0.999095:0.998542
Hearthstone_1920x1080_60_6Mbps_VBR_REF.h264:5722.3456:96.610877:45.655310:0.998573:0.997889
Hearthstone_1920x1080_60_3Mbps_VBR_REF.h264:2872.7768:94.336430:41.824058:0.996655:0.995591
Hearthstone_1920x1080_60_2Mbps_VBR_REF.h264:1920.5408:91.678792:39.501014:0.994512:0.993037
