Kimono1_1920x1080_24_15Mbps_VBR_REF.h264:13873.3952:98.094445:42.255435:0.996287:0.992894
Kimono1_1920x1080_24_9Mbps_VBR_REF.h264:7947.8608:96.624147:41.442802:0.994849:0.991136
Kimono1_1920x1080_24_6Mbps_VBR_REF.h264:5107.8120:94.066032:40.602513:0.992543:0.988635
Kimono1_1920x1080_24_3Mbps_VBR_REF.h264:2444.1664:84.931448:38.466487:0.982900:0.979004
Kimono1_1920x1080_24_2Mbps_VBR_REF.h264:1605.5600:76.565166:36.882811:0.970752:0.967750
