Kimono1_1280x720_24_7.5Mbps_VBR_REF.h264:6596.9984:98.676206:43.459347:0.995903:0.995306
Kimono1_1280x720_24_4.5Mbps_VBR_REF.h264:3809.2384:96.690874:41.792136:0.992912:0.992677
Kimono1_1280x720_24_3Mbps_VBR_REF.h264:2484.9840:93.602818:40.286567:0.988609:0.989050
Kimono1_1280x720_24_1.5Mbps_VBR_REF.h264:1203.9992:84.265903:37.360466:0.972827:0.976326
Kimono1_1280x720_24_1Mbps_VBR_REF.h264:796.4288:76.317956:35.603706:0.955806:0.962985
