Kimono1_1280x720_24_7.5Mbps_CBR_REF.h264:6675.7048:98.700215:43.479121:0.995930:0.995330
Kimono1_1280x720_24_4.5Mbps_CBR_REF.h264:3857.8464:96.800097:41.841007:0.993084:0.992814
Kimono1_1280x720_24_3Mbps_CBR_REF.h264:2506.1528:93.729661:40.312490:0.988745:0.989152
Kimono1_1280x720_24_1.5Mbps_CBR_REF.h264:1222.8584:84.622798:37.417506:0.973562:0.976863
Kimono1_1280x720_24_1Mbps_CBR_REF.h264:809.7152:76.882821:35.678253:0.957253:0.964065
