Kimono1_1920x1080_24_15Mbps_CBR_REF.h264:14116.3048:97.130215:42.096125:0.995390:0.992048
Kimono1_1920x1080_24_9Mbps_CBR_REF.h264:8031.0256:96.088308:41.344708:0.994356:0.990674
Kimono1_1920x1080_24_6Mbps_CBR_REF.h264:5153.6392:93.732254:40.543609:0.992223:0.988332
Kimono1_1920x1080_24_3Mbps_CBR_REF.h264:2474.6872:84.872227:38.451178:0.982724:0.978849
Kimono1_1920x1080_24_2Mbps_CBR_REF.h264:1634.1104:76.770076:36.895079:0.970973:0.967906
