MINECRAFT_1920x1080_60_600_15Mbps_CBR_REF.h264:15262.3928:90.807658:33.566134:0.978399:0.968260
MINECRAFT_1920x1080_60_600_9Mbps_CBR_REF.h264:8906.1256:79.960710:31.601222:0.958551:0.945691
MINECRAFT_1920x1080_60_600_6Mbps_CBR_REF.h264:5841.5872:68.958028:30.172918:0.930864:0.917942
MINECRAFT_1920x1080_60_600_3Mbps_CBR_REF.h264:2879.1128:47.643628:27.738210:0.838383:0.834844
MINECRAFT_1920x1080_60_600_2Mbps_CBR_REF.h264:1924.7320:37.164049:26.273784:0.753108:0.759984
