MINECRAFT_1920x1080_60_600_15Mbps_VBR_REF.h264:15140.5648:91.245112:33.610680:0.979218:0.969123
MINECRAFT_1920x1080_60_600_9Mbps_VBR_REF.h264:8859.6888:80.402559:31.649750:0.959745:0.946825
MINECRAFT_1920x1080_60_600_6Mbps_VBR_REF.h264:5811.7176:69.287735:30.203430:0.932301:0.919241
MINECRAFT_1920x1080_60_600_3Mbps_VBR_REF.h264:2867.7680:47.704353:27.738373:0.839000:0.835360
MINECRAFT_1920x1080_60_600_2Mbps_VBR_REF.h264:1919.0704:37.104250:26.279792:0.753712:0.760465
