MrFox_BlueBird_1920x1080_30_5.5Mbps_CBR_REF.h264:4619.9488:96.872102:47.327329:0.997932:0.997028
MrFox_BlueBird_1920x1080_30_3.25Mbps_CBR_REF.h264:2711.4248:94.410685:43.985679:0.994537:0.993317
MrFox_BlueBird_1920x1080_30_2.25Mbps_CBR_REF.h264:1867.1816:90.101728:41.620377:0.989585:0.988342
MrFox_BlueBird_1920x1080_30_1.125Mbps_CBR_REF.h264:894.0696:73.215741:36.592487:0.966395:0.965945
MrFox_BlueBird_1920x1080_30_0.75Mbps_CBR_REF.h264:588.3576:55.138763:33.395630:0.933719:0.935467
