MrFox_BlueBird_1920x1080_30_15Mbps_CBR_REF.h264:12547.2328:97.987229:53.874239:0.999678:0.999374
MrFox_BlueBird_1920x1080_30_9Mbps_CBR_REF.h264:7555.2920:97.631947:50.417209:0.999151:0.998579
MrFox_BlueBird_1920x1080_30_6Mbps_CBR_REF.h264:5041.3456:97.042125:47.875967:0.998220:0.997372
MrFox_BlueBird_1920x1080_30_3Mbps_CBR_REF.h264:2505.3632:93.722773:43.490210:0.993757:0.992495
MrFox_BlueBird_1920x1080_30_2Mbps_CBR_REF.h264:1637.1496:88.114029:40.725974:0.987088:0.985855
