MrFox_BlueBird_1920x1080_30_15Mbps_VBR_REF.h264:11560.0328:97.941546:53.410631:0.999600:0.999258
MrFox_BlueBird_1920x1080_30_9Mbps_VBR_REF.h264:6850.0736:97.497857:49.776313:0.998951:0.998313
MrFox_BlueBird_1920x1080_30_6Mbps_VBR_REF.h264:4628.0648:96.838629:47.436340:0.997862:0.996956
MrFox_BlueBird_1920x1080_30_3Mbps_VBR_REF.h264:2319.6104:93.047771:43.120981:0.992758:0.991504
MrFox_BlueBird_1920x1080_30_2Mbps_VBR_REF.h264:1524.9240:86.976171:40.382113:0.985595:0.984445
