MrFox_BlueBird_1920x1080_30_5.5Mbps_VBR_REF.h264:4252.4352:96.631608:46.895762:0.997530:0.996563
MrFox_BlueBird_1920x1080_30_3.25Mbps_VBR_REF.h264:2507.8160:93.835717:43.615301:0.993741:0.992498
MrFox_BlueBird_1920x1080_30_2.25Mbps_VBR_REF.h264:1730.2664:89.072335:41.212484:0.988209:0.986984
MrFox_BlueBird_1920x1080_30_1.125Mbps_VBR_REF.h264:846.8024:71.467062:36.259335:0.963070:0.962909
MrFox_BlueBird_1920x1080_30_0.75Mbps_VBR_REF.h264:560.8416:53.663162:33.148325:0.929483:0.931581
