park_joy_1280x720_50_15Mbps_CBR_REF.h264:14498.4880:93.710977:31.731671:0.982598:0.980840
park_joy_1280x720_50_12Mbps_CBR_REF.h264:11575.8688:90.730958:30.704805:0.977274:0.975416
park_joy_1280x720_50_10Mbps_CBR_REF.h264:9636.6088:87.895029:29.914655:0.972157:0.970263
park_joy_1280x720_50_8Mbps_CBR_REF.h264:7719.6416:84.221560:29.019758:0.964959:0.963112
park_joy_1280x720_50_6Mbps_CBR_REF.h264:5779.7400:78.940890:27.923264:0.953050:0.951599
