park_joy_1920x1080_500_50_35Mbps_CBR_REF.h264:34142.0040:95.799179:32.987060:0.988934:0.980315
park_joy_1920x1080_500_50_30Mbps_CBR_REF.h264:29247.9032:94.189292:32.353780:0.986974:0.977339
park_joy_1920x1080_500_50_25Mbps_CBR_REF.h264:24337.2376:91.809165:31.603064:0.984018:0.973001
park_joy_1920x1080_500_50_20Mbps_CBR_REF.h264:19418.5192:88.328666:30.700771:0.979523:0.966495
park_joy_1920x1080_500_50_15Mbps_CBR_REF.h264:14560.9640:83.382913:29.626845:0.972655:0.956898
