park_joy_1280x720_50_15Mbps_VBR_REF.h264:14288.0376:93.830959:31.719487:0.982775:0.981017
park_joy_1280x720_50_12Mbps_VBR_REF.h264:11429.7992:90.953369:30.711432:0.977734:0.975862
park_joy_1280x720_50_10Mbps_VBR_REF.h264:9481.8904:88.079730:29.908575:0.972525:0.970649
park_joy_1280x720_50_8Mbps_VBR_REF.h264:7592.9328:84.419852:29.007929:0.965217:0.963371
park_joy_1280x720_50_6Mbps_VBR_REF.h264:5675.8128:79.126486:27.906665:0.953505:0.952006
