ParkScene_1280x720_24_7.5Mbps_VBR_REF.h264:6976.7520:97.017025:41.291929:0.995637:0.994914
ParkScene_1280x720_24_4.5Mbps_VBR_REF.h264:4091.6680:94.701109:39.248539:0.992729:0.991855
ParkScene_1280x720_24_3Mbps_VBR_REF.h264:2649.0824:91.965145:37.557063:0.988890:0.987885
ParkScene_1280x720_24_1.5Mbps_VBR_REF.h264:1298.1192:84.100890:34.786362:0.976198:0.975517
ParkScene_1280x720_24_1Mbps_VBR_REF.h264:878.3536:77.971056:33.309582:0.964226:0.964300
