park_joy_1920x1080_500_50_35Mbps_VBR_REF.h264:33353.4488:96.646527:33.192955:0.989916:0.981821
park_joy_1920x1080_500_50_30Mbps_VBR_REF.h264:28512.3560:95.088058:32.520630:0.987982:0.978845
park_joy_1920x1080_500_50_25Mbps_VBR_REF.h264:23764.4920:92.778669:31.753843:0.985219:0.974733
park_joy_1920x1080_500_50_20Mbps_VBR_REF.h264:19011.8824:89.423626:30.845135:0.981095:0.968702
park_joy_1920x1080_500_50_15Mbps_VBR_REF.h264:14202.8920:84.406426:29.720418:0.974188:0.958938
