ParkScene_1280x720_24_7.5Mbps_CBR_REF.h264:7174.5464:96.906396:41.252688:0.995531:0.994802
ParkScene_1280x720_24_4.5Mbps_CBR_REF.h264:4263.9648:94.876435:39.384102:0.992964:0.992104
ParkScene_1280x720_24_3Mbps_CBR_REF.h264:2820.7568:92.477421:37.837099:0.989643:0.988670
ParkScene_1280x720_24_1.5Mbps_CBR_REF.h264:1394.2856:85.743556:35.141687:0.979016:0.978109
ParkScene_1280x720_24_1Mbps_CBR_REF.h264:922.1136:79.396130:33.558654:0.967323:0.967107
