PierSeasideNF_1280x720_60_7.5Mbps_CBR_REF.h264:8026.3600:97.765733:43.080374:0.995109:0.994607
PierSeasideNF_1280x720_60_4.5Mbps_CBR_REF.h264:4805.6480:96.347615:41.589600:0.992301:0.991862
PierSeasideNF_1280x720_60_3Mbps_CBR_REF.h264:3195.9816:94.599434:40.365187:0.988888:0.988682
PierSeasideNF_1280x720_60_1.5Mbps_CBR_REF.h264:1582.7384:89.667178:38.148408:0.979213:0.980060
PierSeasideNF_1280x720_60_1Mbps_CBR_REF.h264:1049.7768:85.114512:36.731009:0.970146:0.972052
