PierSeasideNF_1280x720_60_7.5Mbps_VBR_REF.h264:8016.8328:97.749215:43.058881:0.995059:0.994559
PierSeasideNF_1280x720_60_4.5Mbps_VBR_REF.h264:4801.1640:96.320128:41.558064:0.992199:0.991766
PierSeasideNF_1280x720_60_3Mbps_VBR_REF.h264:3191.2912:94.555936:40.343162:0.988768:0.988578
PierSeasideNF_1280x720_60_1.5Mbps_VBR_REF.h264:1582.5704:89.597591:38.117797:0.978934:0.979810
PierSeasideNF_1280x720_60_1Mbps_VBR_REF.h264:1045.9952:84.929130:36.684430:0.969657:0.971648
