RedKayak_1920x1080_30_15Mbps_VBR_REF.h264:12198.9575:92.158058:39.511266:0.984156:0.979788
RedKayak_1920x1080_30_9Mbps_VBR_REF.h264:7358.4994:82.454302:37.455866:0.970958:0.966621
RedKayak_1920x1080_30_6Mbps_VBR_REF.h264:4969.2935:73.203649:35.877357:0.955384:0.951681
RedKayak_1920x1080_30_3Mbps_VBR_REF.h264:2571.6851:55.807961:33.249859:0.916734:0.916246
RedKayak_1920x1080_30_2Mbps_VBR_REF.h264:1751.6131:45.695890:31.759739:0.885328:0.888326
