RedKayak_1920x1080_30_15Mbps_CBR_REF.h264:12359.3625:90.791173:39.357069:0.982265:0.977899
RedKayak_1920x1080_30_9Mbps_CBR_REF.h264:7467.6349:80.670118:37.278126:0.967267:0.963031
RedKayak_1920x1080_30_6Mbps_CBR_REF.h264:5069.5065:71.461922:35.699744:0.949986:0.946624
RedKayak_1920x1080_30_3Mbps_CBR_REF.h264:2627.5941:53.954840:33.045593:0.906787:0.907446
RedKayak_1920x1080_30_2Mbps_CBR_REF.h264:1775.0627:43.690209:31.563072:0.872962:0.877489
