RushFieldCuts_1920x1080_30_15Mbps_VBR_REF.h264:13081.1764:95.905872:38.369362:0.992653:0.987888
RushFieldCuts_1920x1080_30_9Mbps_VBR_REF.h264:7986.0543:91.607358:36.829530:0.987796:0.982409
RushFieldCuts_1920x1080_30_6Mbps_VBR_REF.h264:5438.1739:86.089782:35.471363:0.981101:0.975444
RushFieldCuts_1920x1080_30_3Mbps_VBR_REF.h264:2806.3726:71.273030:32.731806:0.958852:0.953828
RushFieldCuts_1920x1080_30_2Mbps_VBR_REF.h264:1908.4994:60.394952:30.987541:0.935811:0.932469
