RushFieldCuts_1920x1080_30_15Mbps_CBR_REF.h264:13283.3680:95.408207:38.307589:0.992105:0.987306
RushFieldCuts_1920x1080_30_9Mbps_CBR_REF.h264:8080.5394:90.892503:36.717990:0.986857:0.981457
RushFieldCuts_1920x1080_30_6Mbps_CBR_REF.h264:5485.1048:85.499879:35.380839:0.980251:0.974618
RushFieldCuts_1920x1080_30_3Mbps_CBR_REF.h264:2827.5213:70.779195:32.665373:0.957989:0.953003
RushFieldCuts_1920x1080_30_2Mbps_CBR_REF.h264:1922.8328:59.912668:30.932733:0.934712:0.931452
