Sintel_trailer_o537n480_1920x1080_24_9Mbps_CBR_REF.h264:7418.6484:99.132275:52.074253:0.999353:0.999032
Sintel_trailer_o537n480_1920x1080_24_6Mbps_CBR_REF.h264:4815.4740:98.506408:49.881401:0.998906:0.998524
Sintel_trailer_o537n480_1920x1080_24_2Mbps_CBR_REF.h264:1533.0668:94.662199:45.995109:0.995405:0.995112
Sintel_trailer_o537n480_1920x1080_24_1Mbps_CBR_REF.h264:752.7752:86.195495:42.696436:0.985785:0.987057
Sintel_trailer_o537n480_1920x1080_24_0.5Mbps_CBR_REF.h264:386.0840:67.407166:37.012302:0.952530:0.959738
