Sintel_trailer_o537n480_1920x1080_24_2Mbps_CBR_REF.h264:1533.0668:94.662199:45.995109:0.995405:0.995112
Sintel_trailer_o537n480_1920x1080_24_1.5Mbps_CBR_REF.h264:1136.7452:92.345238:44.847167:0.992867:0.992898
Sintel_trailer_o537n480_1920x1080_24_1Mbps_CBR_REF.h264:752.7752:86.195495:42.696436:0.985785:0.987057
Sintel_trailer_o537n480_1920x1080_24_0.5Mbps_CBR_REF.h264:386.0840:67.407166:37.012302:0.952530:0.959738
Sintel_trailer_o537n480_1920x1080_24_0.25Mbps_CBR_REF.h264:203.5876:33.021232:30.185745:0.872343:0.891898
