Sintel_trailer_o537n480_1920x1080_24_2Mbps_VBR_REF.h264:1484.4140:94.470357:45.886632:0.995204:0.994935
Sintel_trailer_o537n480_1920x1080_24_1.5Mbps_VBR_REF.h264:1096.6928:91.938312:44.633382:0.992472:0.992573
Sintel_trailer_o537n480_1920x1080_24_1Mbps_VBR_REF.h264:727.4764:85.442946:42.406060:0.984877:0.986280
Sintel_trailer_o537n480_1920x1080_24_0.5Mbps_VBR_REF.h264:375.8024:66.464521:36.750585:0.949955:0.957312
Sintel_trailer_o537n480_1920x1080_24_0.25Mbps_VBR_REF.h264:195.8240:32.722282:30.037527:0.873124:0.890868
