Sintel_trailer_o537n480_1920x1080_24_9Mbps_VBR_REF.h264:7342.0372:99.134685:52.081284:0.999342:0.999019
Sintel_trailer_o537n480_1920x1080_24_6Mbps_VBR_REF.h264:4762.1620:98.494247:49.875781:0.998882:0.998496
Sintel_trailer_o537n480_1920x1080_24_2Mbps_VBR_REF.h264:1489.2644:94.595909:46.034947:0.995201:0.994938
Sintel_trailer_o537n480_1920x1080_24_1Mbps_VBR_REF.h264:727.4208:85.867439:42.477442:0.984975:0.986389
Sintel_trailer_o537n480_1920x1080_24_0.5Mbps_VBR_REF.h264:375.2652:66.949971:36.780261:0.950285:0.957546
