TangoNF_1280x720_60_7.5Mbps_CBR_REF.h264:7350.7608:98.502733:41.861341:0.993353:0.992975
TangoNF_1280x720_60_4.5Mbps_CBR_REF.h264:4398.9486:94.420902:39.720391:0.987674:0.988136
TangoNF_1280x720_60_3Mbps_CBR_REF.h264:2932.9437:88.542982:37.784829:0.979348:0.981357
TangoNF_1280x720_60_1.5Mbps_CBR_REF.h264:1463.4710:71.196035:34.175664:0.949998:0.958264
TangoNF_1280x720_60_1Mbps_CBR_REF.h264:974.2514:57.070028:31.964865:0.917344:0.932907
