TangoNF_1280x720_60_7.5Mbps_VBR_REF.h264:7345.8661:98.449849:41.847993:0.993302:0.992939
TangoNF_1280x720_60_4.5Mbps_VBR_REF.h264:4386.5535:94.345407:39.698674:0.987543:0.988040
TangoNF_1280x720_60_3Mbps_VBR_REF.h264:2923.1053:88.234259:37.738002:0.978839:0.980956
TangoNF_1280x720_60_1.5Mbps_VBR_REF.h264:1462.8833:71.064959:34.157884:0.949727:0.958021
TangoNF_1280x720_60_1Mbps_VBR_REF.h264:973.2147:56.795870:31.930404:0.916881:0.932549
