touchdown_pass_1280x720_30_7.5Mbps_VBR_REF.h264:7192.0703:98.935712:41.878042:0.993101:0.991988
touchdown_pass_1280x720_30_4.5Mbps_VBR_REF.h264:4376.5040:97.976325:40.678014:0.989889:0.988969
touchdown_pass_1280x720_30_3Mbps_VBR_REF.h264:2951.6215:95.961638:39.618670:0.985680:0.985154
touchdown_pass_1280x720_30_1.5Mbps_VBR_REF.h264:1506.6573:87.192888:37.378829:0.970016:0.971628
touchdown_pass_1280x720_30_1Mbps_VBR_REF.h264:1011.8981:78.097903:35.745529:0.950542:0.955440
