touchdown_pass_1280x720_30_7.5Mbps_CBR_REF.h264:7239.5276:98.901097:41.865484:0.993058:0.991937
touchdown_pass_1280x720_30_4.5Mbps_CBR_REF.h264:4388.9343:97.991930:40.682926:0.989912:0.988986
touchdown_pass_1280x720_30_3Mbps_CBR_REF.h264:2962.1920:95.992971:39.632495:0.985724:0.985201
touchdown_pass_1280x720_30_1.5Mbps_CBR_REF.h264:1513.3162:87.291899:37.396960:0.970134:0.971724
touchdown_pass_1280x720_30_1Mbps_CBR_REF.h264:1020.8051:78.296104:35.776497:0.950886:0.955708
