WITCHER3_1920x1080_60_15Mbps_VBR_REF.h264:16005.4248:90.618567:37.103821:0.978500:0.968520
WITCHER3_1920x1080_60_9Mbps_VBR_REF.h264:9587.6256:85.995423:35.939725:0.967466:0.955907
WITCHER3_1920x1080_60_6Mbps_VBR_REF.h264:6340.1736:81.202142:35.110488:0.955237:0.943279
WITCHER3_1920x1080_60_3Mbps_VBR_REF.h264:3130.1056:71.108566:33.829904:0.926360:0.916319
WITCHER3_1920x1080_60_2Mbps_VBR_REF.h264:2070.1328:65.096139:33.150524:0.906367:0.898725
