WITCHER3_1920x1080_60_15Mbps_CBR_REF.h264:16063.0432:90.630421:37.113500:0.978565:0.968588
WITCHER3_1920x1080_60_9Mbps_CBR_REF.h264:9611.1520:86.078109:35.949280:0.967645:0.956075
WITCHER3_1920x1080_60_6Mbps_CBR_REF.h264:6352.2008:81.282910:35.116458:0.955388:0.943414
WITCHER3_1920x1080_60_3Mbps_CBR_REF.h264:3142.6424:71.179196:33.836711:0.926604:0.916538
WITCHER3_1920x1080_60_2Mbps_CBR_REF.h264:2076.2840:65.190840:33.160848:0.906556:0.898912
