BasketballDrive_1920x1080_50_15Mbps_CBR_REF.h265:15171.544:99.432925:38.611751:0.993971:0.987321
BasketballDrive_1920x1080_50_9Mbps_CBR_REF.h265:9092.461599999999:97.716419:37.765593:0.991235:0.983929
BasketballDrive_1920x1080_50_6Mbps_CBR_REF.h265:6037.236:94.223229:36.905931:0.987244:0.979468
BasketballDrive_1920x1080_50_3Mbps_CBR_REF.h265:3006.1407999999997:83.141879:34.950766:0.973586:0.965604
BasketballDrive_1920x1080_50_2Mbps_CBR_REF.h265:1999.4808:73.704261:33.560679:0.958732:0.951662
