BasketballDrive_1920x1080_50_15Mbps_VBR_REF.h265:15226.672:99.158907:38.573356:0.993725:0.987098
BasketballDrive_1920x1080_50_9Mbps_VBR_REF.h265:9085.908:97.242654:37.697693:0.99075:0.983494
BasketballDrive_1920x1080_50_6Mbps_VBR_REF.h265:6022.7248:93.540381:36.815224:0.986431:0.978758
BasketballDrive_1920x1080_50_3Mbps_VBR_REF.h265:2989.6944:82.239038:34.831889:0.971904:0.964206
BasketballDrive_1920x1080_50_2Mbps_VBR_REF.h265:1980.1856:72.822448:33.434652:0.956592:0.949868
