BoatNF_1280x720_60_7.5Mbps_VBR_REF.h265:7183.5744:92.569038:34.740938:0.993828:0.992649
BoatNF_1280x720_60_4.5Mbps_VBR_REF.h265:4290.827200000001:86.496734:32.20124:0.987648:0.985854
BoatNF_1280x720_60_3Mbps_VBR_REF.h265:2845.5087999999996:80.099469:30.340983:0.97895:0.976757
BoatNF_1280x720_60_1.5Mbps_VBR_REF.h265:1411.376:65.471881:27.525352:0.950677:0.948833
BoatNF_1280x720_60_1Mbps_VBR_REF.h265:931.3776:55.162622:26.056128:0.922262:0.92248
