BoatNF_1280x720_60_7.5Mbps_CBR_REF.h265:7424.136:93.036621:34.941356:0.994188:0.993004
BoatNF_1280x720_60_4.5Mbps_CBR_REF.h265:4451.9168:87.197146:32.397028:0.988444:0.986624
BoatNF_1280x720_60_3Mbps_CBR_REF.h265:2965.7632:80.830906:30.533958:0.98023:0.978
BoatNF_1280x720_60_1.5Mbps_CBR_REF.h265:1482.816:66.480686:27.690419:0.953687:0.951532
BoatNF_1280x720_60_1Mbps_CBR_REF.h265:994.9376000000001:56.132625:26.216989:0.926444:0.926252
