bq_terrace_1920x1080p_600_60_15Mbps_CBR_REF.h265:15099.2528:96.638539:35.603446:0.992451:0.983319
bq_terrace_1920x1080p_600_60_9Mbps_CBR_REF.h265:9075.7632:95.587831:34.991032:0.990636:0.980892
bq_terrace_1920x1080p_600_60_6Mbps_CBR_REF.h265:6047.4976:94.352818:34.485071:0.988789:0.978539
bq_terrace_1920x1080p_600_60_3Mbps_CBR_REF.h265:2985.7104:90.67597:33.468079:0.98378:0.972378
bq_terrace_1920x1080p_600_60_2Mbps_CBR_REF.h265:1970.5703999999998:87.166119:32.712853:0.979165:0.966907
