bq_terrace_1920x1080p_600_60_15Mbps_VBR_REF.h265:15213.34:96.602152:35.572042:0.992285:0.98316
bq_terrace_1920x1080p_600_60_9Mbps_VBR_REF.h265:9099.5456:95.459475:34.940782:0.990288:0.980565
bq_terrace_1920x1080p_600_60_6Mbps_VBR_REF.h265:6041.3967999999995:94.131201:34.430682:0.988292:0.978075
bq_terrace_1920x1080p_600_60_3Mbps_VBR_REF.h265:2962.1336:90.280223:33.382449:0.982006:0.970573
bq_terrace_1920x1080p_600_60_2Mbps_VBR_REF.h265:1937.9968000000001:86.535219:32.600988:0.976938:0.964551
