Bunny_1920x1080_24_600_15Mbps_CBR_REF.h265:14065.880640000001:99.190083:50.979275:0.999318:0.998696
Bunny_1920x1080_24_600_9Mbps_CBR_REF.h265:8430.918720000001:98.815248:48.778032:0.998698:0.997763
Bunny_1920x1080_24_600_6Mbps_CBR_REF.h265:5640.1696:98.216052:47.18785:0.997854:0.996611
Bunny_1920x1080_24_600_3Mbps_CBR_REF.h265:2817.3145600000003:95.011965:44.444506:0.994616:0.992687
Bunny_1920x1080_24_600_2Mbps_CBR_REF.h265:1886.42432:91.052432:42.761703:0.990623:0.988318
