Bunny_1920x1080_24_600_15Mbps_VBR_REF.h265:13695.6944:98.786381:49.912468:0.999253:0.998636
Bunny_1920x1080_24_600_9Mbps_VBR_REF.h265:8247.70784:98.168119:47.856164:0.998662:0.997768
Bunny_1920x1080_24_600_6Mbps_VBR_REF.h265:5489.69696:97.374795:46.308472:0.997908:0.996744
Bunny_1920x1080_24_600_3Mbps_VBR_REF.h265:2753.9619199999997:94.129142:43.506542:0.995234:0.993493
Bunny_1920x1080_24_600_2Mbps_VBR_REF.h265:1836.19552:90.05807:41.726912:0.99201:0.989908
