Bunny_1920x1080_24_600_12Mbps_VBR_REF.h265:10991.3254:98.554066:48.993812:0.999032:0.998301
Bunny_1920x1080_24_600_9Mbps_VBR_REF.h265:8244.4922:98.167400:47.859155:0.998663:0.997769
Bunny_1920x1080_24_600_6Mbps_VBR_REF.h265:5490.2918:97.374842:46.313436:0.997909:0.996746
Bunny_1920x1080_24_600_3Mbps_VBR_REF.h265:2751.2867:94.137001:43.505484:0.995234:0.993491
Bunny_1920x1080_24_600_2Mbps_VBR_REF.h265:1835.6867:90.058699:41.723377:0.992006:0.989908
