Bunny_1920x1080_24_600_12Mbps_CBR_REF.h265:11150.7126:99.040583:49.853147:0.999080:0.998318
Bunny_1920x1080_24_600_9Mbps_CBR_REF.h265:8393.3085:98.797598:48.689914:0.998683:0.997738
Bunny_1920x1080_24_600_6Mbps_CBR_REF.h265:5608.9546:98.181602:47.111496:0.997833:0.996577
Bunny_1920x1080_24_600_3Mbps_CBR_REF.h265:2801.4134:94.932581:44.377478:0.994590:0.992662
Bunny_1920x1080_24_600_2Mbps_CBR_REF.h265:1877.2176:90.937358:42.696766:0.990551:0.988239
