Cactus_1920x1080_50_15Mbps_VBR_REF.h265:14702.8504:95.028496:37.769883:0.994094:0.987104
Cactus_1920x1080_50_9Mbps_VBR_REF.h265:8791.7192:92.758698:36.976955:0.991625:0.983934
Cactus_1920x1080_50_6Mbps_VBR_REF.h265:5831.040800000001:89.993337:36.200831:0.988425:0.980067
Cactus_1920x1080_50_3Mbps_VBR_REF.h265:2889.7408:81.430755:34.342341:0.977008:0.967135
Cactus_1920x1080_50_2Mbps_VBR_REF.h265:1921.448:73.803261:33.028729:0.964371:0.953761
