Cactus_1920x1080_50_15Mbps_CBR_REF.h265:14775.472800000001:95.580559:37.87304:0.994579:0.987642
Cactus_1920x1080_50_9Mbps_CBR_REF.h265:8864.517600000001:93.447658:37.085974:0.992477:0.98479
Cactus_1920x1080_50_6Mbps_CBR_REF.h265:5910.973599999999:90.741622:36.296112:0.989665:0.981192
Cactus_1920x1080_50_3Mbps_CBR_REF.h265:2954.6944:82.300181:34.4506:0.97941:0.969126
Cactus_1920x1080_50_2Mbps_CBR_REF.h265:1970.8216:74.648192:33.132165:0.967393:0.956246
