crowd_run_1920x1080p_500_50_35Mbps_CBR_REF.h265:34524.29519999999:97.342964:35.339005:0.994148:0.986851
crowd_run_1920x1080p_500_50_30Mbps_CBR_REF.h265:29591.6048:96.032455:34.69679:0.993146:0.984957
crowd_run_1920x1080p_500_50_25Mbps_CBR_REF.h265:24669.890400000004:94.10273:33.935098:0.991657:0.982242
crowd_run_1920x1080p_500_50_20Mbps_CBR_REF.h265:19733.135200000004:91.110224:33.002474:0.989267:0.978055
crowd_run_1920x1080p_500_50_15Mbps_CBR_REF.h265:14802.9664:86.228651:31.809749:0.984986:0.971016
