crowd_run_1280x720_50_15Mbps_CBR_REF.h265:14794.3984:93.558701:32.969804:0.988627:0.986001
crowd_run_1280x720_50_12Mbps_CBR_REF.h265:11831.351200000001:90.357389:31.863305:0.984795:0.981733
crowd_run_1280x720_50_10Mbps_CBR_REF.h265:9859.6648:87.253757:30.996807:0.980808:0.977427
crowd_run_1280x720_50_8Mbps_CBR_REF.h265:7888.0048:83.161745:30.016479:0.974807:0.971167
crowd_run_1280x720_50_6Mbps_CBR_REF.h265:5919.290400000001:77.079754:28.822481:0.96492:0.96125
