crowd_run_1920x1080p_500_50_35Mbps_VBR_REF.h265:34323.908:97.178242:35.295482:0.99402:0.986693
crowd_run_1920x1080p_500_50_30Mbps_VBR_REF.h265:29343.376:95.847257:34.647498:0.992999:0.984762
crowd_run_1920x1080p_500_50_25Mbps_VBR_REF.h265:24372.8832:93.7212:33.856147:0.9914:0.981877
crowd_run_1920x1080p_500_50_20Mbps_VBR_REF.h265:19499.8056:90.668122:32.922394:0.988928:0.977568
crowd_run_1920x1080p_500_50_15Mbps_VBR_REF.h265:14624.9152:85.717306:31.726328:0.984488:0.970361
