crowd_run_1280x720_50_15Mbps_VBR_REF.h265:14746.9016:93.388292:32.939876:0.988553:0.985942
crowd_run_1280x720_50_12Mbps_VBR_REF.h265:11790.3136:90.222676:31.839378:0.984713:0.981646
crowd_run_1280x720_50_10Mbps_VBR_REF.h265:9806.876:87.033014:30.959355:0.980706:0.977323
crowd_run_1280x720_50_8Mbps_VBR_REF.h265:7826.564:82.637987:29.931832:0.974234:0.970618
crowd_run_1280x720_50_6Mbps_VBR_REF.h265:5845.008:76.273177:28.711491:0.963963:0.960332
