CSGO_1920x1080_60_15Mbps_VBR_REF.h265:22834.0504:97.894786:47.399165:0.996877:0.994412
CSGO_1920x1080_60_9Mbps_VBR_REF.h265:13356.5536:95.723003:45.998967:0.994162:0.990507
CSGO_1920x1080_60_6Mbps_VBR_REF.h265:8675.404799999998:92.800778:44.940397:0.990711:0.98607
CSGO_1920x1080_60_3Mbps_VBR_REF.h265:4119.5208:86.162446:42.95208:0.980795:0.974855
CSGO_1920x1080_60_2Mbps_VBR_REF.h265:2711.2688:81.161683:41.455161:0.971177:0.965062
