CSGO_1920x1080_60_15Mbps_CBR_REF.h265:15668.5368:94.948401:46.345085:0.992929:0.988861
CSGO_1920x1080_60_9Mbps_CBR_REF.h265:9400.167200000002:91.15557:45.193572:0.987872:0.982609
CSGO_1920x1080_60_6Mbps_CBR_REF.h265:6210.1792000000005:87.333011:44.344552:0.981445:0.975522
CSGO_1920x1080_60_3Mbps_CBR_REF.h265:2894.344:80.387923:42.815875:0.965094:0.959237
CSGO_1920x1080_60_2Mbps_CBR_REF.h265:1904.7992:75.805514:41.597115:0.951716:0.946927
