DinnerScene_1920x1080_60_20Mbps_VBR_REF.h265:20553.3336:94.378441:44.238306:0.99681:0.993503
DinnerScene_1920x1080_60_15Mbps_VBR_REF.h265:15266.596800000001:93.957671:44.035353:0.99646:0.99304
DinnerScene_1920x1080_60_11Mbps_VBR_REF.h265:11171.312:93.503333:43.858131:0.996156:0.992657
DinnerScene_1920x1080_60_7Mbps_VBR_REF.h265:7051.322399999999:92.706612:43.636782:0.995654:0.9921
DinnerScene_1920x1080_60_3Mbps_VBR_REF.h265:3002.6304:90.586112:43.215562:0.994184:0.990717
