DinnerScene_1920x1080_60_20Mbps_CBR_REF.h265:20495.626399999997:94.425758:44.245995:0.996803:0.993481
DinnerScene_1920x1080_60_15Mbps_CBR_REF.h265:15272.5728:94.129041:44.069687:0.996532:0.99311
DinnerScene_1920x1080_60_11Mbps_CBR_REF.h265:11224.6664:93.797942:43.914946:0.996306:0.992806
DinnerScene_1920x1080_60_7Mbps_CBR_REF.h265:7055.176:93.204798:43.729625:0.995975:0.992401
DinnerScene_1920x1080_60_3Mbps_CBR_REF.h265:2945.1896:91.909186:43.406773:0.995159:0.991562
