DOTA2_1920x1080_60_600_15Mbps_VBR_REF.h265:15096.8184:96.629909:42.821466:0.996151:0.993826
DOTA2_1920x1080_60_600_9Mbps_VBR_REF.h265:9018.408:94.710379:41.197288:0.993838:0.990715
DOTA2_1920x1080_60_600_6Mbps_VBR_REF.h265:5936.7384:92.551075:39.871591:0.991011:0.98711
DOTA2_1920x1080_60_600_3Mbps_VBR_REF.h265:2921.9528:86.922294:37.613451:0.982466:0.977191
DOTA2_1920x1080_60_600_2Mbps_VBR_REF.h265:1927.9064:81.704611:36.225092:0.974258:0.96837
