DOTA2_1920x1080_60_600_15Mbps_CBR_REF.h265:15028.942399999998:96.922901:42.886835:0.996663:0.994334
DOTA2_1920x1080_60_600_9Mbps_CBR_REF.h265:8989.322400000001:95.093861:41.265547:0.994572:0.991388
DOTA2_1920x1080_60_600_6Mbps_CBR_REF.h265:5970.9952:93.045511:39.981117:0.991984:0.987979
DOTA2_1920x1080_60_600_3Mbps_CBR_REF.h265:2967.1104:87.55433:37.767133:0.98399:0.97861
DOTA2_1920x1080_60_600_2Mbps_CBR_REF.h265:1977.6208:82.546014:36.405152:0.975966:0.970028
