FoodMarket2NF_1280x720_60_7.5Mbps_CBR_REF.h265:7279.5872:98.194403:39.191133:0.9942:0.993609
FoodMarket2NF_1280x720_60_4.5Mbps_CBR_REF.h265:4368.884800000001:97.237552:37.092286:0.991173:0.99028
FoodMarket2NF_1280x720_60_3Mbps_CBR_REF.h265:2922.3696:93.898171:35.294228:0.985279:0.984555
FoodMarket2NF_1280x720_60_1.5Mbps_CBR_REF.h265:1465.3536000000001:83.888764:32.334719:0.966972:0.967753
FoodMarket2NF_1280x720_60_1Mbps_CBR_REF.h265:980.8336:75.423773:30.625139:0.947166:0.950436
