FoodMarket2NF_1280x720_60_7.5Mbps_VBR_REF.h265:6824.184:97.793998:38.90774:0.99333:0.992878
FoodMarket2NF_1280x720_60_4.5Mbps_VBR_REF.h265:3999.5679999999998:95.485867:36.639264:0.987601:0.987361
FoodMarket2NF_1280x720_60_3Mbps_VBR_REF.h265:2611.0592:91.617221:34.830545:0.980081:0.980352
FoodMarket2NF_1280x720_60_1.5Mbps_VBR_REF.h265:1271.6624:81.163135:31.810429:0.957764:0.960158
FoodMarket2NF_1280x720_60_1Mbps_VBR_REF.h265:845.5232:72.750507:30.134312:0.937282:0.942137
