GTAV_1920x1080_60_600_15Mbps_CBR_REF.h265:14775.2056:87.409994:34.670671:0.973949:0.962037
GTAV_1920x1080_60_600_9Mbps_CBR_REF.h265:8874.922399999998:79.890712:33.130166:0.957479:0.943185
GTAV_1920x1080_60_600_6Mbps_CBR_REF.h265:5916.08:73.249023:32.01401:0.939984:0.924739
GTAV_1920x1080_60_600_3Mbps_CBR_REF.h265:2984.3351999999995:61.205728:30.288895:0.900513:0.886416
GTAV_1920x1080_60_600_2Mbps_CBR_REF.h265:1998.1767999999997:54.017069:29.348406:0.871972:0.860279
