GTAV_1920x1080_60_600_15Mbps_VBR_REF.h265:15966.8192:87.898679:34.750434:0.975094:0.96374
GTAV_1920x1080_60_600_9Mbps_VBR_REF.h265:9571.831199999999:80.452566:33.193602:0.959532:0.945681
GTAV_1920x1080_60_600_6Mbps_VBR_REF.h265:6383.496:73.825084:32.073008:0.942661:0.927673
GTAV_1920x1080_60_600_3Mbps_VBR_REF.h265:3195.2032:61.568642:30.315274:0.903415:0.889236
GTAV_1920x1080_60_600_2Mbps_VBR_REF.h265:2138.0847999999996:54.292455:29.37133:0.875237:0.863303
