Hearthstone_1920x1080_60_10Mbps_CBR_REF.h265:9496.5160:96.436470:47.149772:0.998950:0.998329
Hearthstone_1920x1080_60_5.5Mbps_CBR_REF.h265:5108.9568:95.008128:44.385419:0.998068:0.997142
Hearthstone_1920x1080_60_3Mbps_CBR_REF.h265:2770.7128:92.274672:41.198649:0.996062:0.994614
Hearthstone_1920x1080_60_2.25Mbps_CBR_REF.h265:2109.3808:90.222701:39.532696:0.994139:0.992318
Hearthstone_1920x1080_60_1.125Mbps_CBR_REF.h265:1038.3832:82.590292:36.126235:0.986671:0.983764
