Hearthstone_1920x1080_60_15Mbps_VBR_REF.h265:13978.44:97.088103:48.904267:0.999209:0.998745
Hearthstone_1920x1080_60_9Mbps_VBR_REF.h265:8407.599199999999:96.32822:46.816772:0.99871:0.998069
Hearthstone_1920x1080_60_6Mbps_VBR_REF.h265:5605.642400000001:95.330405:44.883418:0.998008:0.997158
Hearthstone_1920x1080_60_3Mbps_VBR_REF.h265:2746.9344:92.003521:41.165449:0.995469:0.993998
Hearthstone_1920x1080_60_2Mbps_VBR_REF.h265:1802.9192:88.651822:38.9494:0.992442:0.990414
