Hearthstone_1920x1080_60_10Mbps_VBR_REF.h265:9354.2608:96.533490:47.297267:0.998848:0.998251
Hearthstone_1920x1080_60_5.5Mbps_VBR_REF.h265:5137.4648:95.047720:44.432920:0.997797:0.996893
Hearthstone_1920x1080_60_3Mbps_VBR_REF.h265:2742.4832:92.006120:41.154265:0.995441:0.993968
Hearthstone_1920x1080_60_2.25Mbps_VBR_REF.h265:2033.3432:89.735462:39.564515:0.993375:0.991526
Hearthstone_1920x1080_60_1.125Mbps_VBR_REF.h265:983.5664:81.230948:35.919822:0.983903:0.980886
