Hearthstone_1920x1080_60_15Mbps_CBR_REF.h265:14724.328800000001:97.106808:48.993116:0.999333:0.998877
Hearthstone_1920x1080_60_9Mbps_CBR_REF.h265:8639.224799999998:96.410243:46.894427:0.998958:0.998329
Hearthstone_1920x1080_60_6Mbps_CBR_REF.h265:5592.4112000000005:95.460751:44.858969:0.998427:0.997588
Hearthstone_1920x1080_60_3Mbps_CBR_REF.h265:2842.2416000000003:92.70552:41.295353:0.996483:0.995106
Hearthstone_1920x1080_60_2Mbps_CBR_REF.h265:1912.5888:90.038183:39.393349:0.994261:0.992433
