Kimono1_1920x1080_24_15Mbps_CBR_REF.h265:14813.196800000002:98.80098:42.855626:0.997279:0.994145
Kimono1_1920x1080_24_9Mbps_CBR_REF.h265:8832.944:97.738965:42.116024:0.996171:0.992705
Kimono1_1920x1080_24_6Mbps_CBR_REF.h265:5851.9888:95.897487:41.40208:0.994591:0.990877
Kimono1_1920x1080_24_3Mbps_CBR_REF.h265:2899.3936:89.504592:39.713041:0.988618:0.984705
Kimono1_1920x1080_24_2Mbps_CBR_REF.h265:1878.8983999999998:82.838269:38.216108:0.980603:0.976808
