Kimono1_1280x720_24_7.5Mbps_VBR_REF.h265:6366.6968:98.413551:43.7942:0.995891:0.995419
Kimono1_1280x720_24_4.5Mbps_VBR_REF.h265:3653.0672000000004:96.425078:42.199632:0.993081:0.992958
Kimono1_1280x720_24_3Mbps_VBR_REF.h265:2375.2104000000004:93.425232:40.72913:0.989142:0.98962
Kimono1_1280x720_24_1.5Mbps_VBR_REF.h265:1166.6368:85.42988:38.039172:0.976398:0.979268
Kimono1_1280x720_24_1Mbps_VBR_REF.h265:776.0512:78.936871:36.454705:0.963852:0.969298
