Kimono1_1920x1080_24_15Mbps_VBR_REF.h265:14033.829600000001:98.062321:42.642249:0.996694:0.993514
Kimono1_1920x1080_24_9Mbps_VBR_REF.h265:7878.855200000001:96.393463:41.774909:0.995071:0.991566
Kimono1_1920x1080_24_6Mbps_VBR_REF.h265:5027.9296:94.012032:40.982423:0.992686:0.989028
Kimono1_1920x1080_24_3Mbps_VBR_REF.h265:2398.048:86.81929:39.205126:0.984286:0.980824
Kimono1_1920x1080_24_2Mbps_VBR_REF.h265:1572.2552:80.648928:37.88714:0.974913:0.972115
