Kimono1_1280x720_24_7.5Mbps_CBR_REF.h265:7349.588799999999:99.070583:44.269073:0.996681:0.996105
Kimono1_1280x720_24_4.5Mbps_CBR_REF.h265:4410.941599999999:97.678642:42.761518:0.994449:0.994099
Kimono1_1280x720_24_3Mbps_CBR_REF.h265:2946.7527999999998:95.079236:41.361126:0.991162:0.991294
Kimono1_1280x720_24_1.5Mbps_CBR_REF.h265:1467.3152:87.578575:38.685952:0.979804:0.982065
Kimono1_1280x720_24_1Mbps_CBR_REF.h265:971.8168000000001:81.381213:37.06046:0.96815:0.972828
