MINECRAFT_1920x1080_60_600_15Mbps_VBR_REF.h265:15189.455199999999:88.575548:33.237471:0.97778:0.967574
MINECRAFT_1920x1080_60_600_9Mbps_VBR_REF.h265:8919.9216:79.429001:31.594432:0.962929:0.950196
MINECRAFT_1920x1080_60_600_6Mbps_VBR_REF.h265:5869.368800000001:70.930302:30.452066:0.945974:0.932229
MINECRAFT_1920x1080_60_600_3Mbps_VBR_REF.h265:2863.2536:55.160168:28.722482:0.901405:0.8897
MINECRAFT_1920x1080_60_600_2Mbps_VBR_REF.h265:1886.3:46.163918:27.78994:0.864184:0.856611
