MINECRAFT_1920x1080_60_600_15Mbps_CBR_REF.h265:15167.295199999999:88.84438:33.325495:0.978262:0.967887
MINECRAFT_1920x1080_60_600_9Mbps_CBR_REF.h265:8945.3384:79.785224:31.670325:0.963641:0.950745
MINECRAFT_1920x1080_60_600_6Mbps_CBR_REF.h265:5938.8328:71.461628:30.530874:0.947258:0.933359
MINECRAFT_1920x1080_60_600_3Mbps_CBR_REF.h265:2965.1536:56.125163:28.835899:0.905187:0.893107
MINECRAFT_1920x1080_60_600_2Mbps_CBR_REF.h265:1973.7128:47.221701:27.922407:0.869471:0.861393
