MrFox_BlueBird_1920x1080_30_5.5Mbps_VBR_REF.h265:3934.9648:94.361742:46.593627:0.995630:0.994669
MrFox_BlueBird_1920x1080_30_3.25Mbps_VBR_REF.h265:2300.8680:90.239580:43.679451:0.990710:0.989699
MrFox_BlueBird_1920x1080_30_2.25Mbps_VBR_REF.h265:1571.2136:85.243700:41.636051:0.984588:0.983848
MrFox_BlueBird_1920x1080_30_1.125Mbps_VBR_REF.h265:737.4984:71.145345:37.551680:0.961625:0.962267
MrFox_BlueBird_1920x1080_30_0.75Mbps_VBR_REF.h265:481.4392:57.374176:34.702655:0.933958:0.936030
