MrFox_BlueBird_1920x1080_30_15Mbps_CBR_REF.h265:12080.212800000001:97.670139:54.132587:0.999534:0.999216
MrFox_BlueBird_1920x1080_30_9Mbps_CBR_REF.h265:7846.1432:97.152843:51.708484:0.998926:0.998407
MrFox_BlueBird_1920x1080_30_6Mbps_CBR_REF.h265:5370.4767999999995:96.419108:48.936072:0.998012:0.997267
MrFox_BlueBird_1920x1080_30_3Mbps_CBR_REF.h265:2737.9471999999996:93.861184:45.192509:0.995102:0.993955
MrFox_BlueBird_1920x1080_30_2Mbps_CBR_REF.h265:1852.3023999999998:90.526131:43.026214:0.991385:0.990111
