MrFox_BlueBird_1920x1080_30_15Mbps_VBR_REF.h265:10477.8056:97.194723:52.334376:0.999065:0.99859
MrFox_BlueBird_1920x1080_30_9Mbps_VBR_REF.h265:6335.0496:96.184285:49.355104:0.997839:0.997114
MrFox_BlueBird_1920x1080_30_6Mbps_VBR_REF.h265:4283.5472:94.829931:47.115295:0.99619:0.99527
MrFox_BlueBird_1920x1080_30_3Mbps_VBR_REF.h265:2135.5816:89.236277:43.284822:0.989651:0.988681
MrFox_BlueBird_1920x1080_30_2Mbps_VBR_REF.h265:1393.6888000000001:83.409578:40.994679:0.982119:0.981518
