MrFox_BlueBird_1920x1080_30_5.5Mbps_CBR_REF.h265:4929.0656:96.276461:48.479829:0.997831:0.997035
MrFox_BlueBird_1920x1080_30_3.25Mbps_CBR_REF.h265:2976.0000:94.340982:45.597824:0.995654:0.994537
MrFox_BlueBird_1920x1080_30_2.25Mbps_CBR_REF.h265:2099.0736:91.745524:43.709117:0.992819:0.991559
MrFox_BlueBird_1920x1080_30_1.125Mbps_CBR_REF.h265:1046.5728:82.266907:39.883943:0.981434:0.980452
MrFox_BlueBird_1920x1080_30_0.75Mbps_CBR_REF.h265:723.3736:74.911831:37.875357:0.970287:0.970048
