park_joy_1920x1080_500_50_35Mbps_CBR_REF.h265:34416.472:96.439018:33.241251:0.990896:0.98306
park_joy_1920x1080_500_50_30Mbps_CBR_REF.h265:29468.756:94.750195:32.570109:0.989075:0.980217
park_joy_1920x1080_500_50_25Mbps_CBR_REF.h265:24550.3352:92.335822:31.799431:0.986437:0.976216
park_joy_1920x1080_500_50_20Mbps_CBR_REF.h265:19622.227199999998:88.831579:30.903556:0.982603:0.970558
park_joy_1920x1080_500_50_15Mbps_CBR_REF.h265:14703.224:83.787555:29.812349:0.97624:0.961548
