ParkScene_1280x720_24_7.5Mbps_VBR_REF.h265:6901.4056:96.754272:41.311649:0.995374:0.994714
ParkScene_1280x720_24_4.5Mbps_VBR_REF.h265:4074.2832:94.235004:39.293241:0.99255:0.991787
ParkScene_1280x720_24_3Mbps_VBR_REF.h265:2707.7871999999998:91.437249:37.736456:0.988854:0.988115
ParkScene_1280x720_24_1.5Mbps_VBR_REF.h265:1341.2631999999999:84.275736:35.138982:0.977674:0.977451
ParkScene_1280x720_24_1Mbps_VBR_REF.h265:888.392:78.29973:33.675858:0.966601:0.967326
