park_joy_1280x720_50_15Mbps_VBR_REF.h265:14210.192000000003:92.809545:31.459589:0.982572:0.980968
park_joy_1280x720_50_12Mbps_VBR_REF.h265:11354.28:89.521529:30.456334:0.977319:0.975688
park_joy_1280x720_50_10Mbps_VBR_REF.h265:9455.7984:86.473894:29.680835:0.972034:0.970463
park_joy_1280x720_50_8Mbps_VBR_REF.h265:7572.5984:82.523104:28.805907:0.96463:0.963263
park_joy_1280x720_50_6Mbps_VBR_REF.h265:5666.808800000001:76.842185:27.735898:0.952576:0.951774
