ParkScene_1280x720_24_7.5Mbps_CBR_REF.h265:7350.376800000001:97.28127:41.599744:0.995845:0.995153
ParkScene_1280x720_24_4.5Mbps_CBR_REF.h265:4399.4392:94.890474:39.577072:0.993178:0.992362
ParkScene_1280x720_24_3Mbps_CBR_REF.h265:2926.8256:92.090718:37.93745:0.989541:0.988698
ParkScene_1280x720_24_1.5Mbps_CBR_REF.h265:1459.7927999999997:84.918679:35.250421:0.978525:0.978134
ParkScene_1280x720_24_1Mbps_CBR_REF.h265:974.5304:78.765088:33.74592:0.967474:0.967916
