park_joy_1920x1080_500_50_35Mbps_VBR_REF.h265:33354.5056:95.937279:33.057339:0.990457:0.982504
park_joy_1920x1080_500_50_30Mbps_VBR_REF.h265:28578.508:94.163163:32.384997:0.988539:0.979554
park_joy_1920x1080_500_50_25Mbps_VBR_REF.h265:23798.9288:91.664471:31.615763:0.985823:0.975473
park_joy_1920x1080_500_50_20Mbps_VBR_REF.h265:19047.2712:88.12769:30.725573:0.981828:0.969658
park_joy_1920x1080_500_50_15Mbps_VBR_REF.h265:14301.1656:83.059007:29.65355:0.975384:0.960573
