park_joy_1280x720_50_15Mbps_CBR_REF.h265:14774.0848:93.113508:31.652356:0.983152:0.981519
park_joy_1280x720_50_12Mbps_CBR_REF.h265:11819.676:89.917944:30.651579:0.978041:0.976378
park_joy_1280x720_50_10Mbps_CBR_REF.h265:9857.6968:86.982315:29.878601:0.972908:0.971294
park_joy_1280x720_50_8Mbps_CBR_REF.h265:7881.648:83.042936:28.980795:0.965625:0.964187
park_joy_1280x720_50_6Mbps_CBR_REF.h265:5904.258400000001:77.449338:27.895335:0.953553:0.952717
