PierSeasideNF_1280x720_60_7.5Mbps_VBR_REF.h265:8493.6328:98.347602:43.926174:0.995735:0.995315
PierSeasideNF_1280x720_60_4.5Mbps_VBR_REF.h265:5076.096:97.352873:42.553316:0.993735:0.993352
PierSeasideNF_1280x720_60_3Mbps_VBR_REF.h265:3376.3024:96.1527:41.469243:0.991589:0.991316
PierSeasideNF_1280x720_60_1.5Mbps_VBR_REF.h265:1674.0256000000002:93.070041:39.533411:0.986123:0.986296
PierSeasideNF_1280x720_60_1Mbps_VBR_REF.h265:1108.2312:90.451087:38.355326:0.981507:0.982125
