PierSeasideNF_1280x720_60_7.5Mbps_CBR_REF.h265:7809.9352:98.301102:43.762374:0.995546:0.995122
PierSeasideNF_1280x720_60_4.5Mbps_CBR_REF.h265:4687.4792:97.293609:42.452142:0.993472:0.993087
PierSeasideNF_1280x720_60_3Mbps_CBR_REF.h265:3126.1904:96.127093:41.416433:0.991206:0.990949
PierSeasideNF_1280x720_60_1.5Mbps_CBR_REF.h265:1565.0744:93.20367:39.61163:0.985437:0.985735
PierSeasideNF_1280x720_60_1Mbps_CBR_REF.h265:1045.0824:90.736375:38.506311:0.980805:0.981656
