RedKayak_1920x1080_30_15Mbps_CBR_REF.h265:14869.69852631579:94.272879:40.910754:0.989511:0.985162
RedKayak_1920x1080_30_9Mbps_CBR_REF.h265:8923.863157894739:87.112069:38.995914:0.980837:0.97583
RedKayak_1920x1080_30_6Mbps_CBR_REF.h265:5951.983578947369:79.783494:37.582355:0.970648:0.965617
RedKayak_1920x1080_30_3Mbps_CBR_REF.h265:2979.4757894736845:65.244748:35.242215:0.944906:0.941315
RedKayak_1920x1080_30_2Mbps_CBR_REF.h265:1986.072842105263:56.173208:33.92493:0.92508:0.923333
