RedKayak_1920x1080_30_15Mbps_VBR_REF.h265:11917.56842105263:91.360381:39.990335:0.985772:0.981205
RedKayak_1920x1080_30_9Mbps_VBR_REF.h265:7121.916631578947:82.809477:38.072192:0.974749:0.969976
RedKayak_1920x1080_30_6Mbps_VBR_REF.h265:4814.453894736842:74.850657:36.638598:0.962868:0.95848
RedKayak_1920x1080_30_3Mbps_VBR_REF.h265:2490.3987368421053:59.811415:34.333065:0.935756:0.933229
RedKayak_1920x1080_30_2Mbps_VBR_REF.h265:1694.0442105263157:50.682358:33.044481:0.913625:0.913103
