RushFieldCuts_1920x1080_30_15Mbps_CBR_REF.h265:14854.582736842105:95.823787:38.871634:0.993765:0.989161
RushFieldCuts_1920x1080_30_9Mbps_CBR_REF.h265:8921.456842105263:92.355985:37.389641:0.989714:0.984272
RushFieldCuts_1920x1080_30_6Mbps_CBR_REF.h265:5946.676631578947:87.769298:36.131242:0.984176:0.978195
RushFieldCuts_1920x1080_30_3Mbps_CBR_REF.h265:2975.624842105263:75.386999:33.688486:0.966829:0.960584
RushFieldCuts_1920x1080_30_2Mbps_CBR_REF.h265:1985.083789473684:65.688565:32.120093:0.949957:0.9443
