RushFieldCuts_1920x1080_30_15Mbps_VBR_REF.h265:12857.257684210526:95.046343:38.485266:0.993094:0.988436
RushFieldCuts_1920x1080_30_9Mbps_VBR_REF.h265:7777.490105263158:90.846551:36.963609:0.988594:0.983179
RushFieldCuts_1920x1080_30_6Mbps_VBR_REF.h265:5259.472421052632:85.722022:35.67641:0.982534:0.976681
RushFieldCuts_1920x1080_30_3Mbps_VBR_REF.h265:2697.680421052632:72.711888:33.207546:0.963948:0.958136
RushFieldCuts_1920x1080_30_2Mbps_VBR_REF.h265:1823.5149473684212:63.070328:31.656537:0.946136:0.941212
