Sintel_trailer_o537n480_1920x1080_24_2Mbps_VBR_REF.h265:1471.5352:95.387406:48.742734:0.995598:0.995390
Sintel_trailer_o537n480_1920x1080_24_1.5Mbps_VBR_REF.h265:1090.9104:93.738888:47.623666:0.993856:0.993788
Sintel_trailer_o537n480_1920x1080_24_1Mbps_VBR_REF.h265:722.1496:90.439314:45.919052:0.990301:0.990574
Sintel_trailer_o537n480_1920x1080_24_0.5Mbps_VBR_REF.h265:356.3128:80.280812:42.376221:0.978573:0.980274
Sintel_trailer_o537n480_1920x1080_24_0.25Mbps_VBR_REF.h265:170.6368:59.885623:37.185693:0.947247:0.952861
