Sintel_trailer_o537n480_1920x1080_24_2Mbps_CBR_REF.h265:1979.9172:97.117751:49.664044:0.997104:0.996730
Sintel_trailer_o537n480_1920x1080_24_1.5Mbps_CBR_REF.h265:1478.7392:95.846648:48.592547:0.995907:0.995580
Sintel_trailer_o537n480_1920x1080_24_1Mbps_CBR_REF.h265:984.1448:93.321886:47.052344:0.993423:0.993298
Sintel_trailer_o537n480_1920x1080_24_0.5Mbps_CBR_REF.h265:490.3548:84.952482:43.935254:0.984636:0.985634
Sintel_trailer_o537n480_1920x1080_24_0.25Mbps_CBR_REF.h265:247.0844:70.559527:40.196213:0.965737:0.969441
