Sintel_trailer_o537n480_1920x1080_24_9Mbps_CBR_REF.h265:8804.83:99.180625:54.370394:0.999465:0.999214
Sintel_trailer_o537n480_1920x1080_24_6Mbps_CBR_REF.h265:5887.034799999999:99.000409:53.169523:0.999158:0.99886
Sintel_trailer_o537n480_1920x1080_24_2Mbps_CBR_REF.h265:1980.52:97.102631:49.659271:0.997102:0.996728
Sintel_trailer_o537n480_1920x1080_24_1Mbps_CBR_REF.h265:985.9195999999998:93.285601:47.04446:0.993392:0.99327
Sintel_trailer_o537n480_1920x1080_24_0.5Mbps_CBR_REF.h265:490.862:84.93947:43.933015:0.98466:0.98565
