Sintel_trailer_o537n480_1920x1080_24_9Mbps_VBR_REF.h265:7338.873600000001:98.938282:53.792053:0.999228:0.998971
Sintel_trailer_o537n480_1920x1080_24_6Mbps_VBR_REF.h265:4755.249599999999:98.55361:52.516965:0.998761:0.998473
Sintel_trailer_o537n480_1920x1080_24_2Mbps_VBR_REF.h265:1472.6003999999998:95.385007:48.74469:0.995598:0.995391
Sintel_trailer_o537n480_1920x1080_24_1Mbps_VBR_REF.h265:722.3187999999999:90.463373:45.919837:0.9903:0.990573
Sintel_trailer_o537n480_1920x1080_24_0.5Mbps_VBR_REF.h265:356.67240000000004:80.50627:42.383942:0.978566:0.980271
