TangoNF_1280x720_60_7.5Mbps_CBR_REF.h265:7446.1926530612245:98.167683:42.275099:0.994061:0.993656
TangoNF_1280x720_60_4.5Mbps_CBR_REF.h265:4467.361632653061:94.575669:40.349414:0.989709:0.989899
TangoNF_1280x720_60_3Mbps_CBR_REF.h265:2979.1902040816326:89.796173:38.643939:0.983655:0.984903
TangoNF_1280x720_60_1.5Mbps_CBR_REF.h265:1482.364081632653:76.632521:35.528498:0.964229:0.969504
TangoNF_1280x720_60_1Mbps_CBR_REF.h265:990.1355102040817:65.90437:33.67117:0.944991:0.954571
