TangoNF_1280x720_60_7.5Mbps_VBR_REF.h265:7327.358367346938:97.353924:42.072483:0.993348:0.993076
TangoNF_1280x720_60_4.5Mbps_VBR_REF.h265:4366.236734693877:93.451076:40.129727:0.988396:0.98886
TangoNF_1280x720_60_3Mbps_VBR_REF.h265:2904.217142857143:88.397895:38.423212:0.981632:0.983338
TangoNF_1280x720_60_1.5Mbps_VBR_REF.h265:1444.0408163265306:75.437299:35.335106:0.960965:0.966948
TangoNF_1280x720_60_1Mbps_VBR_REF.h265:954.8048979591837:64.770633:33.459626:0.940498:0.950909
