touchdown_pass_1280x720_30_7.5Mbps_CBR_REF.h265:7446.198315789473:98.870554:42.425332:0.994312:0.993173
touchdown_pass_1280x720_30_4.5Mbps_CBR_REF.h265:4471.020210526315:97.859885:41.286142:0.991937:0.990782
touchdown_pass_1280x720_30_3Mbps_CBR_REF.h265:2982.5414736842104:96.242936:40.283562:0.988728:0.987716
touchdown_pass_1280x720_30_1.5Mbps_CBR_REF.h265:1494.6210526315788:89.682474:38.272909:0.977904:0.978035
touchdown_pass_1280x720_30_1Mbps_CBR_REF.h265:997.9014736842106:83.286727:36.964815:0.966648:0.968578
