touchdown_pass_1280x720_30_7.5Mbps_VBR_REF.h265:7095.153684210527:98.614602:42.296706:0.994025:0.992983
touchdown_pass_1280x720_30_4.5Mbps_VBR_REF.h265:4285.064842105264:97.41218:41.123243:0.991611:0.990609
touchdown_pass_1280x720_30_3Mbps_VBR_REF.h265:2910.339789473684:95.487046:40.122068:0.988492:0.987678
touchdown_pass_1280x720_30_1.5Mbps_VBR_REF.h265:1483.861894736842:88.641986:38.137576:0.978208:0.978528
touchdown_pass_1280x720_30_1Mbps_VBR_REF.h265:1000.4130526315789:82.268717:36.841259:0.967317:0.969295
