WITCHER3_1920x1080_60_15Mbps_VBR_REF.h265:16347.460799999999:89.437902:37.225569:0.979571:0.969738
WITCHER3_1920x1080_60_9Mbps_VBR_REF.h265:9804.86:85.117298:36.122842:0.970251:0.958732
WITCHER3_1920x1080_60_6Mbps_VBR_REF.h265:6529.18:81.243386:35.378952:0.961313:0.948971
WITCHER3_1920x1080_60_3Mbps_VBR_REF.h265:3234.5607999999997:73.741508:34.306856:0.943128:0.930708
WITCHER3_1920x1080_60_2Mbps_VBR_REF.h265:2141.232:68.9493:33.759979:0.93095:0.919337
