WITCHER3_1920x1080_60_15Mbps_CBR_REF.h265:15681.3496:89.535894:37.171691:0.979911:0.969756
WITCHER3_1920x1080_60_9Mbps_CBR_REF.h265:9418.2544:85.149793:36.081344:0.970422:0.958557
WITCHER3_1920x1080_60_6Mbps_CBR_REF.h265:6270.495199999999:81.102897:35.335851:0.961016:0.948394
WITCHER3_1920x1080_60_3Mbps_CBR_REF.h265:3131.6328:73.702725:34.296286:0.942673:0.930217
WITCHER3_1920x1080_60_2Mbps_CBR_REF.h265:2087.9512:68.910065:33.769627:0.930621:0.919099
