BoatNF_1280x720_60_7.5Mbps_CBR_REF.h264:7729.6896:89.292163:32.292982:0.991038:0.987376
BoatNF_1280x720_60_4.5Mbps_CBR_REF.h264:4613.8544:80.522103:29.755926:0.980605:0.975044
BoatNF_1280x720_60_3Mbps_CBR_REF.h264:3059.2912:70.929366:27.892395:0.964908:0.958533
BoatNF_1280x720_60_1.5Mbps_CBR_REF.h264:1496.9664:47.941138:24.997429:0.907197:0.906233
BoatNF_1280x720_60_1Mbps_CBR_REF.h264:978.3472:30.651950:23.326029:0.837291:0.848687
