bq_terrace_1920x1080p_600_60_15Mbps_CBR_REF.h264:15216.0224:94.380270:34.194608:0.992386:0.982235
bq_terrace_1920x1080p_600_60_9Mbps_CBR_REF.h264:8939.0528:92.010052:33.448671:0.990208:0.978864
bq_terrace_1920x1080p_600_60_6Mbps_CBR_REF.h264:5810.2424:88.628654:32.638586:0.986872:0.974318
bq_terrace_1920x1080p_600_60_3Mbps_CBR_REF.h264:2792.2176:76.840071:30.493483:0.972787:0.956787
bq_terrace_1920x1080p_600_60_2Mbps_CBR_REF.h264:1843.6720:64.976474:28.849897:0.954145:0.935596
