Bunny_1920x1080_24_600_15Mbps_CBR_REF.h264:13647.0467:99.274893:49.800114:0.999223:0.998220
Bunny_1920x1080_24_600_9Mbps_CBR_REF.h264:8272.4016:98.551979:47.177718:0.998094:0.996418
Bunny_1920x1080_24_600_6Mbps_CBR_REF.h264:5506.3670:96.190971:44.932907:0.996162:0.993726
Bunny_1920x1080_24_600_3Mbps_CBR_REF.h264:2735.9501:85.379830:40.988973:0.986194:0.982385
Bunny_1920x1080_24_600_2Mbps_CBR_REF.h264:1809.3571:74.437113:38.600521:0.969963:0.966619
