crowd_run_1920x1080p_500_50_35Mbps_CBR_REF.h264:35117.4352:97.595816:34.238027:0.994599:0.986619
crowd_run_1920x1080p_500_50_30Mbps_CBR_REF.h264:30084.5576:96.366929:33.625943:0.993622:0.984561
crowd_run_1920x1080p_500_50_25Mbps_CBR_REF.h264:25073.3712:94.370188:32.860739:0.992090:0.981533
crowd_run_1920x1080p_500_50_20Mbps_CBR_REF.h264:20064.7232:91.042855:31.894599:0.989386:0.976611
crowd_run_1920x1080p_500_50_15Mbps_CBR_REF.h264:15048.4600:85.360277:30.605082:0.984231:0.967744
