crowd_run_1280x720_50_12Mbps_CBR_REF.h264:12059.0200:90.845229:30.938834:0.984836:0.980744
crowd_run_1280x720_50_10Mbps_CBR_REF.h264:10055.2352:87.627676:30.061386:0.980649:0.976040
crowd_run_1280x720_50_7.5Mbps_CBR_REF.h264:7546.6168:81.623237:28.727609:0.971520:0.966297
crowd_run_1280x720_50_4.5Mbps_CBR_REF.h264:4535.4592:68.238389:26.544942:0.945468:0.940678
crowd_run_1280x720_50_3Mbps_CBR_REF.h264:3034.4304:55.352938:25.012217:0.911805:0.910397
