DinnerScene_1920x1080_60_7.5Mbps_CBR_REF.h264:7590.0264:90.236566:42.874093:0.995557:0.991345
DinnerScene_1920x1080_60_4.5Mbps_CBR_REF.h264:4511.8008:88.632851:42.579449:0.994723:0.990485
DinnerScene_1920x1080_60_3Mbps_CBR_REF.h264:2963.8688:86.918288:42.280182:0.993853:0.989620
DinnerScene_1920x1080_60_1.5Mbps_CBR_REF.h264:1402.0880:81.197348:41.343795:0.990742:0.986656
DinnerScene_1920x1080_60_1Mbps_CBR_REF.h264:889.3600:74.284470:40.268147:0.985681:0.982137
