DOTA2_1920x1080_60_600_15Mbps_CBR_REF.h264:15184.2608:95.854226:40.497995:0.996634:0.993112
DOTA2_1920x1080_60_600_9Mbps_CBR_REF.h264:9044.2920:92.923622:38.608672:0.994144:0.989011
DOTA2_1920x1080_60_600_6Mbps_CBR_REF.h264:5977.5248:89.274269:36.969710:0.990415:0.983755
DOTA2_1920x1080_60_600_3Mbps_CBR_REF.h264:2945.2336:76.128162:33.784426:0.974881:0.965689
DOTA2_1920x1080_60_600_2Mbps_CBR_REF.h264:1953.6272:62.124331:31.708133:0.952520:0.943537
