GTAV_1920x1080_60_600_15Mbps_CBR_REF.h264:14568.0928:84.201336:33.425428:0.973150:0.958391
GTAV_1920x1080_60_600_9Mbps_CBR_REF.h264:8750.1696:72.746815:31.639791:0.947887:0.930267
GTAV_1920x1080_60_600_6Mbps_CBR_REF.h264:5844.5024:62.044733:30.254052:0.915121:0.898084
GTAV_1920x1080_60_600_3Mbps_CBR_REF.h264:2949.6712:42.966108:27.771101:0.823873:0.816940
GTAV_1920x1080_60_600_2Mbps_CBR_REF.h264:1978.0344:32.849929:26.295143:0.753179:0.756435
