Kimono1_1920x1080_24_15Mbps_CBR_REF.h264:15302.9696:98.289378:41.652766:0.997323:0.993480
Kimono1_1920x1080_24_9Mbps_CBR_REF.h264:8862.6472:96.303438:40.802374:0.995832:0.991397
Kimono1_1920x1080_24_6Mbps_CBR_REF.h264:5666.7088:92.681023:39.809000:0.993383:0.988426
Kimono1_1920x1080_24_3Mbps_CBR_REF.h264:2661.1552:80.744926:37.393052:0.982760:0.977005
Kimono1_1920x1080_24_2Mbps_CBR_REF.h264:1741.9888:69.774012:35.594832:0.968322:0.962932
