MINECRAFT_1920x1080_60_600_15Mbps_CBR_REF.h264:15005.3120:89.378604:32.817551:0.981729:0.970349
MINECRAFT_1920x1080_60_600_9Mbps_CBR_REF.h264:8923.3712:77.021342:30.826377:0.964059:0.948712
MINECRAFT_1920x1080_60_600_6Mbps_CBR_REF.h264:5904.9616:63.287938:29.330983:0.936172:0.919813
MINECRAFT_1920x1080_60_600_3Mbps_CBR_REF.h264:2939.9696:33.805170:26.577537:0.816583:0.812680
MINECRAFT_1920x1080_60_600_2Mbps_CBR_REF.h264:1980.3320:22.623777:25.049379:0.703536:0.712834
