MrFox_BlueBird_1920x1080_30_15Mbps_CBR_REF.h264:12598.2896:97.453877:51.842004:0.999411:0.998902
MrFox_BlueBird_1920x1080_30_9Mbps_CBR_REF.h264:8074.9744:96.393319:48.362573:0.998474:0.997551
MrFox_BlueBird_1920x1080_30_6Mbps_CBR_REF.h264:5476.8984:94.277278:45.611811:0.996741:0.995424
MrFox_BlueBird_1920x1080_30_3Mbps_CBR_REF.h264:2728.7664:85.434547:41.039155:0.987131:0.985555
MrFox_BlueBird_1920x1080_30_2Mbps_CBR_REF.h264:1787.4600:76.210168:38.318771:0.974570:0.973240
