ParkScene_1280x720_24_7.5Mbps_CBR_REF.h264:7505.1304:96.264096:39.578044:0.995743:0.994394
ParkScene_1280x720_24_4.5Mbps_CBR_REF.h264:4474.8272:93.543278:37.645669:0.992866:0.991063
ParkScene_1280x720_24_3Mbps_CBR_REF.h264:2964.9952:90.086416:36.040064:0.988863:0.986634
ParkScene_1280x720_24_1.5Mbps_CBR_REF.h264:1465.4760:79.937503:33.215987:0.974063:0.971521
ParkScene_1280x720_24_1Mbps_CBR_REF.h264:970.9224:70.597624:31.606853:0.956458:0.955170
