park_joy_1280x720_50_12Mbps_CBR_REF.h264:11773.4928:88.168848:29.238759:0.978247:0.974823
park_joy_1280x720_50_10Mbps_CBR_REF.h264:9807.2480:84.801540:28.439365:0.972951:0.969273
park_joy_1280x720_50_7.5Mbps_CBR_REF.h264:7346.6160:78.905384:27.256924:0.962309:0.958496
park_joy_1280x720_50_4.5Mbps_CBR_REF.h264:4404.9416:66.749763:25.388580:0.934732:0.932055
park_joy_1280x720_50_3Mbps_CBR_REF.h264:2933.6784:55.836831:24.108052:0.901726:0.902261
