RedKayak_1920x1080_30_15Mbps_CBR_REF.h264:13965.4543:91.902083:38.959775:0.989611:0.983684
RedKayak_1920x1080_30_9Mbps_CBR_REF.h264:8245.9735:81.023913:36.779929:0.978857:0.971567
RedKayak_1920x1080_30_6Mbps_CBR_REF.h264:5531.7133:70.146326:35.140440:0.964516:0.956941
RedKayak_1920x1080_30_3Mbps_CBR_REF.h264:2809.7339:48.634163:32.419250:0.920950:0.916469
RedKayak_1920x1080_30_2Mbps_CBR_REF.h264:1869.4328:35.726430:30.812294:0.880070:0.880790
