RushFieldCuts_1920x1080_30_15Mbps_CBR_REF.h264:14925.2758:95.950735:37.684910:0.995379:0.990183
RushFieldCuts_1920x1080_30_9Mbps_CBR_REF.h264:8839.9764:91.576186:36.045834:0.991741:0.984974
RushFieldCuts_1920x1080_30_6Mbps_CBR_REF.h264:5893.5684:84.114148:34.367974:0.985464:0.977081
RushFieldCuts_1920x1080_30_3Mbps_CBR_REF.h264:2963.0808:63.154416:31.055234:0.958729:0.948400
RushFieldCuts_1920x1080_30_2Mbps_CBR_REF.h264:1991.0387:47.978501:29.000717:0.926026:0.917111
