TangoNF_1280x720_60_7.5Mbps_CBR_REF.h264:7314.7722:96.649943:40.142959:0.993304:0.992187
TangoNF_1280x720_60_4.5Mbps_CBR_REF.h264:4345.8008:90.003704:37.702135:0.986223:0.985902
TangoNF_1280x720_60_3Mbps_CBR_REF.h264:2890.7869:80.361332:35.505554:0.974307:0.976117
TangoNF_1280x720_60_1.5Mbps_CBR_REF.h264:1452.7396:51.486655:31.160056:0.918861:0.933897
TangoNF_1280x720_60_1Mbps_CBR_REF.h264:977.8335:30.555960:28.166822:0.841276:0.874181
