touchdown_pass_1280x720_30_7.5Mbps_CBR_REF.h264:7435.9356:98.695699:41.139936:0.993930:0.992260
touchdown_pass_1280x720_30_4.5Mbps_CBR_REF.h264:4459.0501:97.519196:39.895224:0.990504:0.988727
touchdown_pass_1280x720_30_3Mbps_CBR_REF.h264:2953.5899:94.898012:38.708093:0.985577:0.983947
touchdown_pass_1280x720_30_1.5Mbps_CBR_REF.h264:1466.1596:83.458476:36.201484:0.966159:0.967074
touchdown_pass_1280x720_30_1Mbps_CBR_REF.h264:978.0021:71.142636:34.451827:0.942415:0.948220
