BasketballDrive_1920x1080_50_15Mbps_CBR_REF.h265:15279.499199999998:99.835821:38.953878:0.994976:0.988505
BasketballDrive_1920x1080_50_9Mbps_CBR_REF.h265:9135.734400000001:99.230379:38.184311:0.992823:0.985682
BasketballDrive_1920x1080_50_6Mbps_CBR_REF.h265:6076.456:97.284449:37.411535:0.989579:0.981907
BasketballDrive_1920x1080_50_3Mbps_CBR_REF.h265:3022.0928:88.236494:35.641622:0.978523:0.970321
BasketballDrive_1920x1080_50_2Mbps_CBR_REF.h265:2011.0367999999999:80.14676:34.383464:0.967024:0.959241
