BoatNF_1280x720_60_7.5Mbps_VBR_REF.h265:7079.9136:95.083163:35.903718:0.995585:0.994521
BoatNF_1280x720_60_4.5Mbps_VBR_REF.h265:4224.1248:90.219697:33.202169:0.990858:0.988978
BoatNF_1280x720_60_3Mbps_VBR_REF.h265:2809.208:84.794169:31.209376:0.983775:0.981166
BoatNF_1280x720_60_1.5Mbps_VBR_REF.h265:1389.1328:71.519835:28.145283:0.95925:0.956077
BoatNF_1280x720_60_1Mbps_VBR_REF.h265:916.576:61.633109:26.586562:0.933928:0.931877
