bq_terrace_1920x1080p_600_60_15Mbps_CBR_REF.h265:14910.7584:97.113529:35.85037:0.993357:0.984429
bq_terrace_1920x1080p_600_60_9Mbps_CBR_REF.h265:8853.9:96.490771:35.334881:0.991896:0.982404
bq_terrace_1920x1080p_600_60_6Mbps_CBR_REF.h265:5879.4816:95.686409:34.919355:0.990428:0.980485
bq_terrace_1920x1080p_600_60_3Mbps_CBR_REF.h265:2942.9416:93.25174:34.066858:0.986666:0.975724
bq_terrace_1920x1080p_600_60_2Mbps_CBR_REF.h265:1958.6576:90.590709:33.409529:0.982977:0.971177
