bq_terrace_1920x1080p_600_60_15Mbps_VBR_REF.h265:15133.2792:97.002646:35.805267:0.993228:0.984294
bq_terrace_1920x1080p_600_60_9Mbps_VBR_REF.h265:8976.488800000001:96.279109:35.265383:0.991581:0.982108
bq_terrace_1920x1080p_600_60_6Mbps_VBR_REF.h265:5920.1056:95.406115:34.829528:0.989832:0.979878
bq_terrace_1920x1080p_600_60_3Mbps_VBR_REF.h265:2919.6144:92.623105:33.944272:0.985342:0.974277
bq_terrace_1920x1080p_600_60_2Mbps_VBR_REF.h265:1908.048:89.689203:33.254335:0.980798:0.968726
