Bunny_1920x1080_24_600_15Mbps_VBR_REF.h265:13523.403199999999:99.002261:50.647992:0.99946:0.998907
Bunny_1920x1080_24_600_9Mbps_VBR_REF.h265:8157.85472:98.54863:48.504016:0.998965:0.998147
Bunny_1920x1080_24_600_6Mbps_VBR_REF.h265:5444.62112:97.950838:46.966229:0.998346:0.99728
Bunny_1920x1080_24_600_3Mbps_VBR_REF.h265:2749.8982400000004:95.719361:44.220745:0.996217:0.994593
Bunny_1920x1080_24_600_2Mbps_VBR_REF.h265:1835.3366400000002:92.650262:42.469998:0.993621:0.991598
