CSGO_1920x1080_60_15Mbps_VBR_REF.h265:23046.513600000002:98.443189:48.184976:0.997879:0.99599
CSGO_1920x1080_60_9Mbps_VBR_REF.h265:13364.381599999999:97.559414:46.704822:0.99619:0.993287
CSGO_1920x1080_60_6Mbps_VBR_REF.h265:8642.0848:95.848941:45.634417:0.994054:0.990234
CSGO_1920x1080_60_3Mbps_VBR_REF.h265:4095.7048000000004:90.119702:43.641822:0.9871:0.981559
CSGO_1920x1080_60_2Mbps_VBR_REF.h265:2649.9584:85.441504:42.304802:0.980112:0.973895
