CSGO_1920x1080_60_15Mbps_CBR_REF.h265:15614.974400000001:97.472091:47.277304:0.995785:0.992629
CSGO_1920x1080_60_9Mbps_CBR_REF.h265:9331.591199999999:94.892385:46.114804:0.992475:0.988064
CSGO_1920x1080_60_6Mbps_CBR_REF.h265:6082.408:91.852638:45.224923:0.988308:0.982884
CSGO_1920x1080_60_3Mbps_CBR_REF.h265:2833.9096:85.045819:43.618665:0.976284:0.969854
CSGO_1920x1080_60_2Mbps_CBR_REF.h265:1834.088:80.625866:42.526666:0.965844:0.959624
