DinnerScene_1920x1080_60_20Mbps_CBR_REF.h265:20224.472:94.868328:44.327775:0.997061:0.993714
DinnerScene_1920x1080_60_15Mbps_CBR_REF.h265:15199.9712:94.59478:44.137324:0.996793:0.993345
DinnerScene_1920x1080_60_11Mbps_CBR_REF.h265:11102.596800000001:94.30835:43.98062:0.996519:0.992998
DinnerScene_1920x1080_60_7Mbps_CBR_REF.h265:6983.4295999999995:93.838036:43.796731:0.996175:0.992586
DinnerScene_1920x1080_60_3Mbps_CBR_REF.h265:2848.0688:92.431443:43.45374:0.99526:0.991651
