DinnerScene_1920x1080_60_20Mbps_VBR_REF.h265:20465.52:94.709952:44.299774:0.996987:0.993643
DinnerScene_1920x1080_60_15Mbps_VBR_REF.h265:15410.755200000001:94.294419:44.080718:0.996634:0.993186
DinnerScene_1920x1080_60_11Mbps_VBR_REF.h265:11225.556:93.844906:43.884973:0.996252:0.99273
DinnerScene_1920x1080_60_7Mbps_VBR_REF.h265:7099.316:92.988509:43.643196:0.995643:0.992089
DinnerScene_1920x1080_60_3Mbps_VBR_REF.h265:2926.5736:90.492626:43.163715:0.993763:0.990384
