DOTA2_1920x1080_60_600_15Mbps_CBR_REF.h265:15070.944:97.945491:43.912876:0.997561:0.995642
DOTA2_1920x1080_60_600_9Mbps_CBR_REF.h265:9036.345600000002:96.683202:42.259445:0.996122:0.993378
DOTA2_1920x1080_60_600_6Mbps_CBR_REF.h265:6001.8784000000005:95.228071:40.972987:0.994265:0.990698
DOTA2_1920x1080_60_600_3Mbps_CBR_REF.h265:2978.044:91.038079:38.706718:0.988253:0.983054
DOTA2_1920x1080_60_600_2Mbps_CBR_REF.h265:1982.6984000000002:86.950433:37.327497:0.981935:0.975945
