FoodMarket2NF_1280x720_60_7.5Mbps_CBR_REF.h265:7274.6672:99.511251:40.658055:0.996902:0.996113
FoodMarket2NF_1280x720_60_4.5Mbps_CBR_REF.h265:4372.0208:98.880426:38.42291:0.993992:0.992915
FoodMarket2NF_1280x720_60_3Mbps_CBR_REF.h265:2916.3424:97.483146:36.572698:0.989786:0.988562
FoodMarket2NF_1280x720_60_1.5Mbps_CBR_REF.h265:1465.144:89.592949:33.438421:0.97557:0.974912
FoodMarket2NF_1280x720_60_1Mbps_CBR_REF.h265:977.8896:82.459438:31.679592:0.961142:0.96176
