Hearthstone_1920x1080_60_15Mbps_CBR_REF.h265:14630.284:97.571138:50.479992:0.99953:0.999177
Hearthstone_1920x1080_60_9Mbps_CBR_REF.h265:8545.251199999999:97.216449:48.706718:0.999287:0.998827
Hearthstone_1920x1080_60_6Mbps_CBR_REF.h265:5577.8296:96.72927:47.007031:0.99897:0.998386
Hearthstone_1920x1080_60_3Mbps_CBR_REF.h265:2747.5063999999998:95.02351:43.546021:0.997727:0.996782
Hearthstone_1920x1080_60_2Mbps_CBR_REF.h265:1827.2736:93.189966:41.404839:0.996284:0.994992
