Kimono1_1920x1080_24_15Mbps_CBR_REF.h265:14589.352799999999:99.210063:43.065988:0.997682:0.994599
Kimono1_1920x1080_24_9Mbps_CBR_REF.h265:8792.7536:98.687386:42.403903:0.996808:0.993395
Kimono1_1920x1080_24_6Mbps_CBR_REF.h265:5862.5368:97.55659:41.782538:0.995568:0.991936
Kimono1_1920x1080_24_3Mbps_CBR_REF.h265:2905.6616:92.261761:40.203783:0.990665:0.986723
Kimono1_1920x1080_24_2Mbps_CBR_REF.h265:1843.028:86.165063:38.704642:0.983828:0.979758
