MINECRAFT_1920x1080_60_600_15Mbps_CBR_REF.h265:15528.16:95.333356:35.264587:0.986707:0.979011
MINECRAFT_1920x1080_60_600_9Mbps_CBR_REF.h265:9078.2744:88.941364:33.263856:0.976379:0.965492
MINECRAFT_1920x1080_60_600_6Mbps_CBR_REF.h265:5967.473599999999:81.319488:31.870872:0.963588:0.950528
MINECRAFT_1920x1080_60_600_3Mbps_CBR_REF.h265:2974.4936000000002:65.948936:29.861106:0.928737:0.914935
MINECRAFT_1920x1080_60_600_2Mbps_CBR_REF.h265:1979.2680000000003:56.523489:28.856209:0.898163:0.886914
