MrFox_BlueBird_1920x1080_30_15Mbps_CBR_REF.h265:11422.4872:97.943544:55.071999:0.999728:0.99948
MrFox_BlueBird_1920x1080_30_9Mbps_CBR_REF.h265:7221.684:97.651157:53.029183:0.999375:0.998959
MrFox_BlueBird_1920x1080_30_6Mbps_CBR_REF.h265:4935.7816:97.175634:50.426569:0.998741:0.998112
MrFox_BlueBird_1920x1080_30_3Mbps_CBR_REF.h265:2678.064:95.594476:46.91723:0.996543:0.995512
MrFox_BlueBird_1920x1080_30_2Mbps_CBR_REF.h265:1813.6248:93.290109:44.848286:0.993816:0.99264
