RedKayak_1920x1080_30_15Mbps_VBR_REF.h265:11914.036631578949:95.450403:40.597485:0.988518:0.983973
RedKayak_1920x1080_30_9Mbps_VBR_REF.h265:7145.010105263159:88.196341:38.665006:0.979577:0.974527
RedKayak_1920x1080_30_6Mbps_VBR_REF.h265:4827.90147368421:80.876852:37.237777:0.969709:0.964659
RedKayak_1920x1080_30_3Mbps_VBR_REF.h265:2503.892210526316:66.362676:34.966132:0.946758:0.942765
RedKayak_1920x1080_30_2Mbps_VBR_REF.h265:1712.2227368421052:57.212103:33.720635:0.929273:0.926674
