Sintel_trailer_o537n480_1920x1080_24_9Mbps_CBR_REF.h265:8798.0788:99.286633:55.25351:0.999624:0.9994
Sintel_trailer_o537n480_1920x1080_24_6Mbps_CBR_REF.h265:5873.920800000001:99.185056:54.005416:0.999388:0.999111
Sintel_trailer_o537n480_1920x1080_24_2Mbps_CBR_REF.h265:1974.7907999999998:97.962204:50.518165:0.997791:0.997383
Sintel_trailer_o537n480_1920x1080_24_1Mbps_CBR_REF.h265:988.0944:95.020845:48.009695:0.994935:0.99463
Sintel_trailer_o537n480_1920x1080_24_0.5Mbps_CBR_REF.h265:489.9936:88.082372:45.005983:0.988269:0.988708
