TangoNF_1280x720_60_7.5Mbps_VBR_REF.h265:7239.9053061224495:98.770885:42.932927:0.994822:0.99434
TangoNF_1280x720_60_4.5Mbps_VBR_REF.h265:4325.1526530612255:96.323227:41.115234:0.990959:0.990975
TangoNF_1280x720_60_3Mbps_VBR_REF.h265:2879.2767346938776:92.487111:39.461315:0.985678:0.986568
TangoNF_1280x720_60_1.5Mbps_VBR_REF.h265:1444.4:81.453335:36.418913:0.969065:0.973276
TangoNF_1280x720_60_1Mbps_VBR_REF.h265:952.3755102040817:71.67071:34.534241:0.952315:0.960194
