TangoNF_1280x720_60_7.5Mbps_CBR_REF.h265:7380.682448979592:99.5073:43.153888:0.995455:0.994867
TangoNF_1280x720_60_4.5Mbps_CBR_REF.h265:4423.255510204082:97.418957:41.326356:0.992089:0.99187
TangoNF_1280x720_60_3Mbps_CBR_REF.h265:2955.854693877551:93.88183:39.673737:0.987404:0.987911
TangoNF_1280x720_60_1.5Mbps_CBR_REF.h265:1482.9632653061226:82.825054:36.613003:0.97217:0.975668
TangoNF_1280x720_60_1Mbps_CBR_REF.h265:989.9510204081632:73.198024:34.752582:0.956528:0.963458
