touchdown_pass_1280x720_30_7.5Mbps_CBR_REF.h265:7444.662736842105:99.215942:42.875435:0.995114:0.993963
touchdown_pass_1280x720_30_4.5Mbps_CBR_REF.h265:4454.810105263157:98.683958:41.827264:0.99339:0.992184
touchdown_pass_1280x720_30_3Mbps_CBR_REF.h265:2974.7532631578943:97.868231:40.929697:0.991156:0.98998
touchdown_pass_1280x720_30_1.5Mbps_CBR_REF.h265:1490.3755789473682:93.786821:38.9958:0.982786:0.982266
touchdown_pass_1280x720_30_1Mbps_CBR_REF.h265:992.1953684210525:88.795818:37.732856:0.973473:0.974251
