WITCHER3_1920x1080_60_15Mbps_VBR_REF.h265:16297.908800000001:92.486622:37.874068:0.984288:0.975418
WITCHER3_1920x1080_60_9Mbps_VBR_REF.h265:9765.332799999998:88.950659:36.727589:0.976758:0.966022
WITCHER3_1920x1080_60_6Mbps_VBR_REF.h265:6494.1536:85.583718:35.947324:0.969268:0.95742
WITCHER3_1920x1080_60_3Mbps_VBR_REF.h265:3212.744:78.77039:34.814365:0.953507:0.940731
WITCHER3_1920x1080_60_2Mbps_VBR_REF.h265:2123.9703999999997:74.102741:34.23429:0.942481:0.929951
